1725534167.460838,lo,0.00,0.00,0.00,0,0,0.00,0.00,0.00,0,0,0.00,0.00,0,0,0.00,0.00,0.00,0,0
1725534167.460876,ens160,0.00,0.00,0.00,0,0,0.00,0.00,0.00,0,0,0.00,0.00,0,0,0.00,0.00,0.00,0,0
1725534167.460885,s1-eth1,0.00,0.00,0.00,0,0,0.00,0.00,0.00,0,0,0.00,0.00,0,0,0.00,0.00,0.00,0,0
1725534167.460894,s1-eth2,0.00,0.00,0.00,0,0,0.00,0.00,0.00,0,0,0.00,0.00,0,0,0.00,0.00,0.00,0,0
1725534167.460908,total,0.00,0.00,0.00,0,0,0.00,0.00,0.00,0,0,0.00,0.00,0,0,0.00,0.00,0.00,0,0
1725534168.461148,lo,1094.00,1094.00,2188.00,1094,1094,9.00,9.00,18.00,9,9,0.00,0.00,0,0,8752.00,8752.00,17504.00,8752,8752
1725534168.461177,ens160,1576.00,2005.00,3581.00,2005,1576,12.00,11.00,23.00,11,12,0.00,0.00,0,0,12608.00,16040.00,28648.00,16040,12608
1725534168.461186,s1-eth1,1223808.00,26688.00,1250496.00,26688,1223808,433.00,404.00,837.00,404,433,0.00,0.00,0,0,9790464.00,213504.00,10003968.00,213504,9790464
1725534168.461195,s1-eth2,27835.00,1222612.00,1250447.00,1222612,27835,411.00,424.00,835.00,424,411,0.00,0.00,0,0,222680.00,9780896.00,10003576.00,9780896,222680
1725534168.461206,total,1254313.00,1252399.00,2506712.00,1252399,1254313,865.00,848.00,1713.00,848,865,0.00,0.00,0,0,10034504.00,10019192.00,20053696.00,10019192,10034504
1725534169.461404,lo,378.00,378.00,756.00,378,378,3.00,3.00,6.00,3,3,0.00,0.00,0,0,3024.00,3024.00,6048.00,3024,3024
1725534169.461420,ens160,1523.00,2800.00,4323.00,2800,1523,17.00,19.00,36.00,19,17,0.00,0.00,0,0,12184.00,22400.00,34584.00,22400,12184
1725534169.461425,s1-eth1,1224298.00,26664.00,1250962.00,26664,1224298,425.00,404.00,829.00,404,425,0.00,0.00,0,0,9794384.00,213312.00,10007696.00,213312,9794384
1725534169.461431,s1-eth2,26972.00,1223990.00,1250962.00,1223990,26972,406.00,423.00,829.00,423,406,0.00,0.00,0,0,215776.00,9791920.00,10007696.00,9791920,215776
1725534169.461440,total,1253171.00,1253832.00,2507003.00,1253832,1253171,851.00,849.00,1700.00,849,851,0.00,0.00,0,0,10025368.00,10030656.00,20056024.00,10030656,10025368
1725534170.461653,lo,0.00,0.00,0.00,0,0,0.00,0.00,0.00,0,0,0.00,0.00,0,0,0.00,0.00,0.00,0,0
1725534170.461676,ens160,0.00,0.00,0.00,0,0,0.00,0.00,0.00,0,0,0.00,0.00,0,0,0.00,0.00,0.00,0,0
1725534170.461681,s1-eth1,1221139.00,26664.00,1247803.00,26664,1221139,422.00,404.00,826.00,404,422,0.00,0.00,0,0,9769112.00,213312.00,9982424.00,213312,9769112
1725534170.461687,s1-eth2,26664.00,1223900.00,1250564.00,1223900,26664,404.00,422.00,826.00,422,404,0.00,0.00,0,0,213312.00,9791200.00,10004512.00,9791200,213312
1725534170.461701,total,1247803.00,1250564.00,2498367.00,1250564,1247803,826.00,826.00,1652.00,826,826,0.00,0.00,0,0,9982424.00,10004512.00,19986936.00,10004512,9982424
1725534171.461908,lo,338.00,338.00,676.00,338,338,3.00,3.00,6.00,3,3,0.00,0.00,0,0,2704.00,2704.00,5408.00,2704,2704
1725534171.461925,ens160,0.00,0.00,0.00,0,0,0.00,0.00,0.00,0,0,0.00,0.00,0,0,0.00,0.00,0.00,0,0
1725534171.461929,s1-eth1,1225521.00,26668.00,1252189.00,26668,1225521,424.00,404.00,828.00,404,424,0.00,0.00,0,0,9804168.00,213344.00,10017512.00,213344,9804168
1725534171.461935,s1-eth2,26775.00,1222452.00,1249227.00,1222452,26775,405.00,422.00,827.00,422,405,0.00,0.00,0,0,214200.00,9779616.00,9993816.00,9779616,214200
1725534171.461947,total,1252634.00,1249458.00,2502092.00,1249458,1252634,832.00,829.00,1661.00,829,832,0.00,0.00,0,0,10021072.00,9995664.00,20016736.00,9995664,10021072
1725534172.462126,lo,338.00,338.00,676.00,338,338,3.00,3.00,6.00,3,3,0.00,0.00,0,0,2704.00,2704.00,5408.00,2704,2704
1725534172.462135,ens160,0.00,0.00,0.00,0,0,0.00,0.00,0.00,0,0,0.00,0.00,0,0,0.00,0.00,0.00,0,0
1725534172.462139,s1-eth1,1223321.00,26532.00,1249853.00,26532,1223321,433.00,402.00,835.00,402,433,0.00,0.00,0,0,9786568.00,212256.00,9998824.00,212256,9786568
1725534172.462143,s1-eth2,26803.00,1224564.00,1251367.00,1224564,26803,404.00,432.00,836.00,432,404,0.00,0.00,0,0,214424.00,9796512.00,10010936.00,9796512,214424
1725534172.462148,total,1250462.00,1251434.00,2501896.00,1251434,1250462,840.00,837.00,1677.00,837,840,0.00,0.00,0,0,10003696.00,10011472.00,20015168.00,10011472,10003696
1725534173.462414,lo,0.00,0.00,0.00,0,0,0.00,0.00,0.00,0,0,0.00,0.00,0,0,0.00,0.00,0.00,0,0
1725534173.462450,ens160,0.00,0.00,0.00,0,0,0.00,0.00,0.00,0,0,0.00,0.00,0,0,0.00,0.00,0.00,0,0
1725534173.462454,s1-eth1,1228054.00,25740.00,1253794.00,25740,1228054,463.00,390.00,853.00,390,463,0.00,0.00,0,0,9824432.00,205920.00,10030352.00,205920,9824432
1725534173.462460,s1-eth2,25740.00,1225092.00,1250832.00,1225092,25740,390.00,462.00,852.00,462,390,0.00,0.00,0,0,205920.00,9800736.00,10006656.00,9800736,205920
1725534173.462469,total,1253794.00,1250832.00,2504626.00,1250832,1253794,853.00,852.00,1705.00,852,853,0.00,0.00,0,0,10030352.00,10006656.00,20037008.00,10006656,10030352
1725534174.462718,lo,0.00,0.00,0.00,0,0,0.00,0.00,0.00,0,0,0.00,0.00,0,0,0.00,0.00,0.00,0,0
1725534174.462730,ens160,0.00,0.00,0.00,0,0,0.00,0.00,0.00,0,0,0.00,0.00,0,0,0.00,0.00,0.00,0,0
1725534174.462734,s1-eth1,1222452.00,26664.00,1249116.00,26664,1222452,422.00,404.00,826.00,404,422,0.00,0.00,0,0,9779616.00,213312.00,9992928.00,213312,9779616
1725534174.462740,s1-eth2,26598.00,1223900.00,1250498.00,1223900,26598,403.00,422.00,825.00,422,403,0.00,0.00,0,0,212784.00,9791200.00,10003984.00,9791200,212784
1725534174.462748,total,1249050.00,1250564.00,2499614.00,1250564,1249050,825.00,826.00,1651.00,826,825,0.00,0.00,0,0,9992400.00,10004512.00,19996912.00,10004512,9992400
1725534175.463284,lo,0.00,0.00,0.00,0,0,0.00,0.00,0.00,0,0,0.00,0.00,0,0,0.00,0.00,0.00,0,0
1725534175.463334,ens160,796.00,302.00,1098.00,302,796,5.00,4.00,9.00,4,5,0.00,0.00,0,0,6368.00,2416.00,8784.00,2416,6368
1725534175.463357,s1-eth1,1224007.00,26664.00,1250671.00,26664,1224007,423.00,404.00,827.00,404,423,0.00,0.00,0,0,9792056.00,213312.00,10005368.00,213312,9792056
1725534175.463381,s1-eth2,26771.00,1223900.00,1250671.00,1223900,26771,405.00,422.00,827.00,422,405,0.00,0.00,0,0,214168.00,9791200.00,10005368.00,9791200,214168
1725534175.463413,total,1251574.00,1250866.00,2502440.00,1250866,1251574,833.00,830.00,1663.00,830,833,0.00,0.00,0,0,10012592.00,10006928.00,20019520.00,10006928,10012592
1725534176.463810,lo,0.00,0.00,0.00,0,0,0.00,0.00,0.00,0,0,0.00,0.00,0,0,0.00,0.00,0.00,0,0
1725534176.463833,ens160,604.00,5272.00,5876.00,5272,604,5.00,8.00,13.00,8,5,0.00,0.00,0,0,4832.00,42176.00,47008.00,42176,4832
1725534176.463843,s1-eth1,1225414.00,26598.00,1252012.00,26598,1225414,423.00,403.00,826.00,403,423,0.00,0.00,0,0,9803312.00,212784.00,10016096.00,212784,9803312
1725534176.463852,s1-eth2,26664.00,1225414.00,1252078.00,1225414,26664,404.00,423.00,827.00,423,404,0.00,0.00,0,0,213312.00,9803312.00,10016624.00,9803312,213312
1725534176.463865,total,1252682.00,1257284.00,2509966.00,1257284,1252682,832.00,834.00,1666.00,834,832,0.00,0.00,0,0,10021456.00,10058272.00,20079728.00,10058272,10021456
1725534177.464129,lo,172.00,172.00,344.00,172,172,3.00,3.00,6.00,3,3,0.00,0.00,0,0,1376.00,1376.00,2752.00,1376,1376
1725534177.464168,ens160,2025.00,53423.00,55448.00,53423,2025,19.00,48.00,67.00,48,19,0.00,0.00,0,0,16200.00,427384.00,443584.00,427384,16200
1725534177.464180,s1-eth1,1220938.00,26664.00,1247602.00,26664,1220938,421.00,404.00,825.00,404,421,0.00,0.00,0,0,9767504.00,213312.00,9980816.00,213312,9767504
1725534177.464192,s1-eth2,26664.00,1223900.00,1250564.00,1223900,26664,404.00,422.00,826.00,422,404,0.00,0.00,0,0,213312.00,9791200.00,10004512.00,9791200,213312
1725534177.464200,total,1249799.00,1304159.00,2553958.00,1304159,1249799,847.00,877.00,1724.00,877,847,0.00,0.00,0,0,9998392.00,10433272.00,20431664.00,10433272,9998392
1725534178.464390,lo,0.00,0.00,0.00,0,0,0.00,0.00,0.00,0,0,0.00,0.00,0,0,0.00,0.00,0.00,0,0
1725534178.464402,ens160,0.00,0.00,0.00,0,0,0.00,0.00,0.00,0,0,0.00,0.00,0,0,0.00,0.00,0.00,0,0
1725534178.464406,s1-eth1,1223900.00,26664.00,1250564.00,26664,1223900,422.00,404.00,826.00,404,422,0.00,0.00,0,0,9791200.00,213312.00,10004512.00,213312,9791200
1725534178.464412,s1-eth2,26664.00,1223900.00,1250564.00,1223900,26664,404.00,422.00,826.00,422,404,0.00,0.00,0,0,213312.00,9791200.00,10004512.00,9791200,213312
1725534178.464420,total,1250564.00,1250564.00,2501128.00,1250564,1250564,826.00,826.00,1652.00,826,826,0.00,0.00,0,0,10004512.00,10004512.00,20009024.00,10004512,10004512
1725534179.464946,lo,338.00,338.00,676.00,338,338,3.00,3.00,6.00,3,3,0.00,0.00,0,0,2704.00,2704.00,5408.00,2704,2704
1725534179.464998,ens160,108.00,0.00,108.00,0,108,2.00,0.00,2.00,0,2,0.00,0.00,0,0,864.00,0.00,864.00,0,864
1725534179.465018,s1-eth1,1225414.00,26668.00,1252082.00,26668,1225414,423.00,404.00,827.00,404,423,0.00,0.00,0,0,9803312.00,213344.00,10016656.00,213344,9803312
1725534179.465041,s1-eth2,26668.00,1222452.00,1249120.00,1222452,26668,404.00,422.00,826.00,422,404,0.00,0.00,0,0,213344.00,9779616.00,9992960.00,9779616,213344
1725534179.465078,total,1252528.00,1249458.00,2501986.00,1249458,1252528,832.00,829.00,1661.00,829,832,0.00,0.00,0,0,10020224.00,9995664.00,20015888.00,9995664,10020224
1725534180.465335,lo,0.00,0.00,0.00,0,0,0.00,0.00,0.00,0,0,0.00,0.00,0,0,0.00,0.00,0.00,0,0
1725534180.465355,ens160,108.00,128.00,236.00,128,108,2.00,2.00,4.00,2,2,0.00,0.00,0,0,864.00,1024.00,1888.00,1024,864
1725534180.465363,s1-eth1,1223970.00,26664.00,1250634.00,26664,1223970,423.00,404.00,827.00,404,423,0.00,0.00,0,0,9791760.00,213312.00,10005072.00,213312,9791760
1725534180.465370,s1-eth2,26734.00,1223900.00,1250634.00,1223900,26734,405.00,422.00,827.00,422,405,0.00,0.00,0,0,213872.00,9791200.00,10005072.00,9791200,213872
1725534180.465385,total,1250812.00,1250692.00,2501504.00,1250692,1250812,830.00,828.00,1658.00,828,830,0.00,0.00,0,0,10006496.00,10005536.00,20012032.00,10005536,10006496
1725534181.465655,lo,0.00,0.00,0.00,0,0,0.00,0.00,0.00,0,0,0.00,0.00,0,0,0.00,0.00,0.00,0,0
1725534181.465671,ens160,0.00,0.00,0.00,0,0,0.00,0.00,0.00,0,0,0.00,0.00,0,0,0.00,0.00,0.00,0,0
1725534181.465678,s1-eth1,1226474.00,25806.00,1252280.00,25806,1226474,461.00,391.00,852.00,391,461,0.00,0.00,0,0,9811792.00,206448.00,10018240.00,206448,9811792
1725534181.465684,s1-eth2,25806.00,1226474.00,1252280.00,1226474,25806,391.00,461.00,852.00,461,391,0.00,0.00,0,0,206448.00,9811792.00,10018240.00,9811792,206448
1725534181.465692,total,1252280.00,1252280.00,2504560.00,1252280,1252280,852.00,852.00,1704.00,852,852,0.00,0.00,0,0,10018240.00,10018240.00,20036480.00,10018240,10018240
1725534182.465858,lo,0.00,0.00,0.00,0,0,0.00,0.00,0.00,0,0,0.00,0.00,0,0,0.00,0.00,0.00,0,0
1725534182.465876,ens160,0.00,0.00,0.00,0,0,0.00,0.00,0.00,0,0,0.00,0.00,0,0,0.00,0.00,0.00,0,0
1725534182.465881,s1-eth1,1223178.00,26466.00,1249644.00,26466,1223178,433.00,401.00,834.00,401,433,0.00,0.00,0,0,9785424.00,211728.00,9997152.00,211728,9785424
1725534182.465887,s1-eth2,26400.00,1223178.00,1249578.00,1223178,26400,400.00,433.00,833.00,433,400,0.00,0.00,0,0,211200.00,9785424.00,9996624.00,9785424,211200
1725534182.465895,total,1249578.00,1249644.00,2499222.00,1249644,1249578,833.00,834.00,1667.00,834,833,0.00,0.00,0,0,9996624.00,9997152.00,19993776.00,9997152,9996624
1725534183.466288,lo,0.00,0.00,0.00,0,0,0.00,0.00,0.00,0,0,0.00,0.00,0,0,0.00,0.00,0.00,0,0
1725534183.466300,ens160,0.00,0.00,0.00,0,0,0.00,0.00,0.00,0,0,0.00,0.00,0,0,0.00,0.00,0.00,0,0
1725534183.466303,s1-eth1,1224007.00,26664.00,1250671.00,26664,1224007,423.00,404.00,827.00,404,423,0.00,0.00,0,0,9792056.00,213312.00,10005368.00,213312,9792056
1725534183.466308,s1-eth2,26771.00,1223900.00,1250671.00,1223900,26771,405.00,422.00,827.00,422,405,0.00,0.00,0,0,214168.00,9791200.00,10005368.00,9791200,214168
1725534183.466317,total,1250778.00,1250564.00,2501342.00,1250564,1250778,828.00,826.00,1654.00,826,828,0.00,0.00,0,0,10006224.00,10004512.00,20010736.00,10004512,10006224
1725534184.466525,lo,172.00,172.00,344.00,172,172,3.00,3.00,6.00,3,3,0.00,0.00,0,0,1376.00,1376.00,2752.00,1376,1376
1725534184.466539,ens160,0.00,0.00,0.00,0,0,0.00,0.00,0.00,0,0,0.00,0.00,0,0,0.00,0.00,0.00,0,0
1725534184.466542,s1-eth1,1223900.00,26664.00,1250564.00,26664,1223900,422.00,404.00,826.00,404,422,0.00,0.00,0,0,9791200.00,213312.00,10004512.00,213312,9791200
1725534184.466546,s1-eth2,26664.00,1223900.00,1250564.00,1223900,26664,404.00,422.00,826.00,422,404,0.00,0.00,0,0,213312.00,9791200.00,10004512.00,9791200,213312
1725534184.466555,total,1250736.00,1250736.00,2501472.00,1250736,1250736,829.00,829.00,1658.00,829,829,0.00,0.00,0,0,10005888.00,10005888.00,20011776.00,10005888,10005888
1725534185.466992,lo,0.00,0.00,0.00,0,0,0.00,0.00,0.00,0,0,0.00,0.00,0,0,0.00,0.00,0.00,0,0
1725534185.467040,ens160,0.00,0.00,0.00,0,0,0.00,0.00,0.00,0,0,0.00,0.00,0,0,0.00,0.00,0.00,0,0
1725534185.467059,s1-eth1,1222452.00,26532.00,1248984.00,26532,1222452,422.00,402.00,824.00,402,422,0.00,0.00,0,0,9779616.00,212256.00,9991872.00,212256,9779616
1725534185.467082,s1-eth2,26598.00,1222452.00,1249050.00,1222452,26598,403.00,422.00,825.00,422,403,0.00,0.00,0,0,212784.00,9779616.00,9992400.00,9779616,212784
1725534185.467112,total,1249050.00,1248984.00,2498034.00,1248984,1249050,825.00,824.00,1649.00,824,825,0.00,0.00,0,0,9992400.00,9991872.00,19984272.00,9991872,9992400
1725534186.467565,lo,0.00,0.00,0.00,0,0,0.00,0.00,0.00,0,0,0.00,0.00,0,0,0.00,0.00,0.00,0,0
1725534186.467613,ens160,0.00,0.00,0.00,0,0,0.00,0.00,0.00,0,0,0.00,0.00,0,0,0.00,0.00,0.00,0,0
1725534186.467632,s1-eth1,1220938.00,26598.00,1247536.00,26598,1220938,421.00,403.00,824.00,403,421,0.00,0.00,0,0,9767504.00,212784.00,9980288.00,212784,9767504
1725534186.467654,s1-eth2,26598.00,1220938.00,1247536.00,1220938,26598,403.00,421.00,824.00,421,403,0.00,0.00,0,0,212784.00,9767504.00,9980288.00,9767504,212784
1725534186.467685,total,1247536.00,1247536.00,2495072.00,1247536,1247536,824.00,824.00,1648.00,824,824,0.00,0.00,0,0,9980288.00,9980288.00,19960576.00,9980288,9980288
1725534187.467924,lo,0.00,0.00,0.00,0,0,0.00,0.00,0.00,0,0,0.00,0.00,0,0,0.00,0.00,0.00,0,0
1725534187.467938,ens160,296.00,274.00,570.00,274,296,4.00,4.00,8.00,4,4,0.00,0.00,0,0,2368.00,2192.00,4560.00,2192,2368
1725534187.467953,s1-eth1,1226606.00,25806.00,1252412.00,25806,1226606,463.00,391.00,854.00,391,463,0.00,0.00,0,0,9812848.00,206448.00,10019296.00,206448,9812848
1725534187.467958,s1-eth2,25740.00,1225158.00,1250898.00,1225158,25740,390.00,463.00,853.00,463,390,0.00,0.00,0,0,205920.00,9801264.00,10007184.00,9801264,205920
1725534187.467965,total,1252642.00,1251238.00,2503880.00,1251238,1252642,857.00,858.00,1715.00,858,857,0.00,0.00,0,0,10021136.00,10009904.00,20031040.00,10009904,10021136
1725534188.468415,lo,0.00,0.00,0.00,0,0,0.00,0.00,0.00,0,0,0.00,0.00,0,0,0.00,0.00,0.00,0,0
1725534188.468461,ens160,0.00,0.00,0.00,0,0,0.00,0.00,0.00,0,0,0.00,0.00,0,0,0.00,0.00,0.00,0,0
1725534188.468481,s1-eth1,1223112.00,26400.00,1249512.00,26400,1223112,432.00,400.00,832.00,400,432,0.00,0.00,0,0,9784896.00,211200.00,9996096.00,211200,9784896
1725534188.468504,s1-eth2,26400.00,1224560.00,1250960.00,1224560,26400,400.00,432.00,832.00,432,400,0.00,0.00,0,0,211200.00,9796480.00,10007680.00,9796480,211200
1725534188.468537,total,1249512.00,1250960.00,2500472.00,1250960,1249512,832.00,832.00,1664.00,832,832,0.00,0.00,0,0,9996096.00,10007680.00,20003776.00,10007680,9996096
1725534189.468845,lo,172.00,172.00,344.00,172,172,3.00,3.00,6.00,3,3,0.00,0.00,0,0,1376.00,1376.00,2752.00,1376,1376
1725534189.468858,ens160,0.00,0.00,0.00,0,0,0.00,0.00,0.00,0,0,0.00,0.00,0,0,0.00,0.00,0.00,0,0
1725534189.468862,s1-eth1,1217976.00,26532.00,1244508.00,26532,1217976,420.00,402.00,822.00,402,420,0.00,0.00,0,0,9743808.00,212256.00,9956064.00,212256,9743808
1725534189.468868,s1-eth2,26532.00,1217976.00,1244508.00,1217976,26532,402.00,420.00,822.00,420,402,0.00,0.00,0,0,212256.00,9743808.00,9956064.00,9743808,212256
1725534189.468875,total,1244680.00,1244680.00,2489360.00,1244680,1244680,825.00,825.00,1650.00,825,825,0.00,0.00,0,0,9957440.00,9957440.00,19914880.00,9957440,9957440
1725534190.469311,lo,0.00,0.00,0.00,0,0,0.00,0.00,0.00,0,0,0.00,0.00,0,0,0.00,0.00,0.00,0,0
1725534190.469358,ens160,108.00,128.00,236.00,128,108,2.00,2.00,4.00,2,2,0.00,0.00,0,0,864.00,1024.00,1888.00,1024,864
1725534190.469377,s1-eth1,1223900.00,26598.00,1250498.00,26598,1223900,422.00,403.00,825.00,403,422,0.00,0.00,0,0,9791200.00,212784.00,10003984.00,212784,9791200
1725534190.469402,s1-eth2,26664.00,1223900.00,1250564.00,1223900,26664,404.00,422.00,826.00,422,404,0.00,0.00,0,0,213312.00,9791200.00,10004512.00,9791200,213312
1725534190.469476,total,1250672.00,1250626.00,2501298.00,1250626,1250672,828.00,827.00,1655.00,827,828,0.00,0.00,0,0,10005376.00,10005008.00,20010384.00,10005008,10005376
1725534191.470043,lo,0.00,0.00,0.00,0,0,0.00,0.00,0.00,0,0,0.00,0.00,0,0,0.00,0.00,0.00,0,0
1725534191.470091,ens160,0.00,0.00,0.00,0,0,0.00,0.00,0.00,0,0,0.00,0.00,0,0,0.00,0.00,0.00,0,0
1725534191.470113,s1-eth1,1225414.00,26664.00,1252078.00,26664,1225414,423.00,404.00,827.00,404,423,0.00,0.00,0,0,9803312.00,213312.00,10016624.00,213312,9803312
1725534191.470136,s1-eth2,26664.00,1225414.00,1252078.00,1225414,26664,404.00,423.00,827.00,423,404,0.00,0.00,0,0,213312.00,9803312.00,10016624.00,9803312,213312
1725534191.470170,total,1252078.00,1252078.00,2504156.00,1252078,1252078,827.00,827.00,1654.00,827,827,0.00,0.00,0,0,10016624.00,10016624.00,20033248.00,10016624,10016624
1725534192.470589,lo,0.00,0.00,0.00,0,0,0.00,0.00,0.00,0,0,0.00,0.00,0,0,0.00,0.00,0.00,0,0
1725534192.470636,ens160,0.00,0.00,0.00,0,0,0.00,0.00,0.00,0,0,0.00,0.00,0,0,0.00,0.00,0.00,0,0
1725534192.470655,s1-eth1,1220938.00,26664.00,1247602.00,26664,1220938,421.00,404.00,825.00,404,421,0.00,0.00,0,0,9767504.00,213312.00,9980816.00,213312,9767504
1725534192.470679,s1-eth2,26598.00,1223900.00,1250498.00,1223900,26598,403.00,422.00,825.00,422,403,0.00,0.00,0,0,212784.00,9791200.00,10003984.00,9791200,212784
1725534192.470712,total,1247536.00,1250564.00,2498100.00,1250564,1247536,824.00,826.00,1650.00,826,824,0.00,0.00,0,0,9980288.00,10004512.00,19984800.00,10004512,9980288
1725534193.471089,lo,0.00,0.00,0.00,0,0,0.00,0.00,0.00,0,0,0.00,0.00,0,0,0.00,0.00,0.00,0,0
1725534193.471134,ens160,0.00,0.00,0.00,0,0,0.00,0.00,0.00,0,0,0.00,0.00,0,0,0.00,0.00,0.00,0,0
1725534193.471152,s1-eth1,1223900.00,26598.00,1250498.00,26598,1223900,422.00,403.00,825.00,403,422,0.00,0.00,0,0,9791200.00,212784.00,10003984.00,212784,9791200
1725534193.471176,s1-eth2,26664.00,1223900.00,1250564.00,1223900,26664,404.00,422.00,826.00,422,404,0.00,0.00,0,0,213312.00,9791200.00,10004512.00,9791200,213312
1725534193.471225,total,1250564.00,1250498.00,2501062.00,1250498,1250564,826.00,825.00,1651.00,825,826,0.00,0.00,0,0,10004512.00,10003984.00,20008496.00,10003984,10004512
1725534194.471520,lo,510.00,510.00,1020.00,510,510,6.00,6.00,12.00,6,6,0.00,0.00,0,0,4080.00,4080.00,8160.00,4080,4080
1725534194.471547,ens160,0.00,0.00,0.00,0,0,0.00,0.00,0.00,0,0,0.00,0.00,0,0,0.00,0.00,0.00,0,0
1725534194.471554,s1-eth1,1222452.00,26734.00,1249186.00,26734,1222452,422.00,405.00,827.00,405,422,0.00,0.00,0,0,9779616.00,213872.00,9993488.00,213872,9779616
1725534194.471562,s1-eth2,26668.00,1222452.00,1249120.00,1222452,26668,404.00,422.00,826.00,422,404,0.00,0.00,0,0,213344.00,9779616.00,9992960.00,9779616,213344
1725534194.471576,total,1249630.00,1249696.00,2499326.00,1249696,1249630,832.00,833.00,1665.00,833,832,0.00,0.00,0,0,9997040.00,9997568.00,19994608.00,9997568,9997040
1725534195.471901,lo,0.00,0.00,0.00,0,0,0.00,0.00,0.00,0,0,0.00,0.00,0,0,0.00,0.00,0.00,0,0
1725534195.471931,ens160,0.00,0.00,0.00,0,0,0.00,0.00,0.00,0,0,0.00,0.00,0,0,0.00,0.00,0.00,0,0
1725534195.471942,s1-eth1,1223900.00,26664.00,1250564.00,26664,1223900,422.00,404.00,826.00,404,422,0.00,0.00,0,0,9791200.00,213312.00,10004512.00,213312,9791200
1725534195.471954,s1-eth2,26664.00,1223900.00,1250564.00,1223900,26664,404.00,422.00,826.00,422,404,0.00,0.00,0,0,213312.00,9791200.00,10004512.00,9791200,213312
1725534195.471972,total,1250564.00,1250564.00,2501128.00,1250564,1250564,826.00,826.00,1652.00,826,826,0.00,0.00,0,0,10004512.00,10004512.00,20009024.00,10004512,10004512
1725534196.472501,lo,338.00,338.00,676.00,338,338,3.00,3.00,6.00,3,3,0.00,0.00,0,0,2704.00,2704.00,5408.00,2704,2704
1725534196.472554,ens160,0.00,0.00,0.00,0,0,0.00,0.00,0.00,0,0,0.00,0.00,0,0,0.00,0.00,0.00,0,0
1725534196.472576,s1-eth1,1221008.00,26598.00,1247606.00,26598,1221008,422.00,403.00,825.00,403,422,0.00,0.00,0,0,9768064.00,212784.00,9980848.00,212784,9768064
1725534196.472600,s1-eth2,26734.00,1221008.00,1247742.00,1221008,26734,405.00,422.00,827.00,422,405,0.00,0.00,0,0,213872.00,9768064.00,9981936.00,9768064,213872
1725534196.472645,total,1248080.00,1247944.00,2496024.00,1247944,1248080,830.00,828.00,1658.00,828,830,0.00,0.00,0,0,9984640.00,9983552.00,19968192.00,9983552,9984640
1725534197.472902,lo,0.00,0.00,0.00,0,0,0.00,0.00,0.00,0,0,0.00,0.00,0,0,0.00,0.00,0.00,0,0
1725534197.472913,ens160,0.00,0.00,0.00,0,0,0.00,0.00,0.00,0,0,0.00,0.00,0,0,0.00,0.00,0.00,0,0
1725534197.472917,s1-eth1,1225484.00,26598.00,1252082.00,26598,1225484,424.00,403.00,827.00,403,424,0.00,0.00,0,0,9803872.00,212784.00,10016656.00,212784,9803872
1725534197.472922,s1-eth2,26598.00,1225414.00,1252012.00,1225414,26598,403.00,423.00,826.00,423,403,0.00,0.00,0,0,212784.00,9803312.00,10016096.00,9803312,212784
1725534197.472935,total,1252082.00,1252012.00,2504094.00,1252012,1252082,827.00,826.00,1653.00,826,827,0.00,0.00,0,0,10016656.00,10016096.00,20032752.00,10016096,10016656
1725534198.473126,lo,0.00,0.00,0.00,0,0,0.00,0.00,0.00,0,0,0.00,0.00,0,0,0.00,0.00,0.00,0,0
1725534198.473249,ens160,0.00,0.00,0.00,0,0,0.00,0.00,0.00,0,0,0.00,0.00,0,0,0.00,0.00,0.00,0,0
1725534198.473255,s1-eth1,1223900.00,26664.00,1250564.00,26664,1223900,422.00,404.00,826.00,404,422,0.00,0.00,0,0,9791200.00,213312.00,10004512.00,213312,9791200
1725534198.473259,s1-eth2,26664.00,1223900.00,1250564.00,1223900,26664,404.00,422.00,826.00,422,404,0.00,0.00,0,0,213312.00,9791200.00,10004512.00,9791200,213312
1725534198.473266,total,1250564.00,1250564.00,2501128.00,1250564,1250564,826.00,826.00,1652.00,826,826,0.00,0.00,0,0,10004512.00,10004512.00,20009024.00,10004512,10004512
1725534199.473440,lo,0.00,0.00,0.00,0,0,0.00,0.00,0.00,0,0,0.00,0.00,0,0,0.00,0.00,0.00,0,0
1725534199.473474,ens160,8071.00,17274.00,25345.00,17274,8071,29.00,37.00,66.00,37,29,0.00,0.00,0,0,64568.00,138192.00,202760.00,138192,64568
1725534199.473479,s1-eth1,1227241.00,25740.00,1252981.00,25740,1227241,472.00,390.00,862.00,390,472,0.00,0.00,0,0,9817928.00,205920.00,10023848.00,205920,9817928
1725534199.473484,s1-eth2,25847.00,1225686.00,1251533.00,1225686,25847,391.00,471.00,862.00,471,391,0.00,0.00,0,0,206776.00,9805488.00,10012264.00,9805488,206776
1725534199.473492,total,1261159.00,1268700.00,2529859.00,1268700,1261159,892.00,898.00,1790.00,898,892,0.00,0.00,0,0,10089272.00,10149600.00,20238872.00,10149600,10089272
1725534200.473682,lo,0.00,0.00,0.00,0,0,0.00,0.00,0.00,0,0,0.00,0.00,0,0,0.00,0.00,0.00,0,0
1725534200.473694,ens160,247.00,954.00,1201.00,954,247,4.00,6.00,10.00,6,4,0.00,0.00,0,0,1976.00,7632.00,9608.00,7632,1976
1725534200.473699,s1-eth1,1222452.00,26664.00,1249116.00,26664,1222452,422.00,404.00,826.00,404,422,0.00,0.00,0,0,9779616.00,213312.00,9992928.00,213312,9779616
1725534200.473703,s1-eth2,26598.00,1223900.00,1250498.00,1223900,26598,403.00,422.00,825.00,422,403,0.00,0.00,0,0,212784.00,9791200.00,10003984.00,9791200,212784
1725534200.473709,total,1249297.00,1251518.00,2500815.00,1251518,1249297,829.00,832.00,1661.00,832,829,0.00,0.00,0,0,9994376.00,10012144.00,20006520.00,10012144,9994376
1725534201.473903,lo,172.00,172.00,344.00,172,172,3.00,3.00,6.00,3,3,0.00,0.00,0,0,1376.00,1376.00,2752.00,1376,1376
1725534201.473921,ens160,2268.00,504.00,2772.00,504,2268,7.00,5.00,12.00,5,7,0.00,0.00,0,0,18144.00,4032.00,22176.00,4032,18144
1725534201.473926,s1-eth1,1223900.00,26664.00,1250564.00,26664,1223900,422.00,404.00,826.00,404,422,0.00,0.00,0,0,9791200.00,213312.00,10004512.00,213312,9791200
1725534201.473930,s1-eth2,26664.00,1223900.00,1250564.00,1223900,26664,404.00,422.00,826.00,422,404,0.00,0.00,0,0,213312.00,9791200.00,10004512.00,9791200,213312
1725534201.473936,total,1253004.00,1251240.00,2504244.00,1251240,1253004,836.00,834.00,1670.00,834,836,0.00,0.00,0,0,10024032.00,10009920.00,20033952.00,10009920,10024032
1725534202.474446,lo,0.00,0.00,0.00,0,0,0.00,0.00,0.00,0,0,0.00,0.00,0,0,0.00,0.00,0.00,0,0
1725534202.474457,ens160,72453.00,10393.00,82846.00,10393,72453,56.00,60.00,116.00,60,56,0.00,0.00,0,0,579624.00,83144.00,662768.00,83144,579624
1725534202.474462,s1-eth1,1223900.00,26664.00,1250564.00,26664,1223900,422.00,404.00,826.00,404,422,0.00,0.00,0,0,9791200.00,213312.00,10004512.00,213312,9791200
1725534202.474470,s1-eth2,26664.00,1225414.00,1252078.00,1225414,26664,404.00,423.00,827.00,423,404,0.00,0.00,0,0,213312.00,9803312.00,10016624.00,9803312,213312
1725534202.474477,total,1323017.00,1262471.00,2585488.00,1262471,1323017,882.00,887.00,1769.00,887,882,0.00,0.00,0,0,10584136.00,10099768.00,20683904.00,10099768,10584136
1725534203.474645,lo,0.00,0.00,0.00,0,0,0.00,0.00,0.00,0,0,0.00,0.00,0,0,0.00,0.00,0.00,0,0
1725534203.474660,ens160,102760.00,12342.00,115102.00,12342,102760,77.00,88.00,165.00,88,77,0.00,0.00,0,0,822080.00,98736.00,920816.00,98736,822080
1725534203.474667,s1-eth1,1222452.00,26598.00,1249050.00,26598,1222452,422.00,403.00,825.00,403,422,0.00,0.00,0,0,9779616.00,212784.00,9992400.00,212784,9779616
1725534203.474673,s1-eth2,26664.00,1223900.00,1250564.00,1223900,26664,404.00,422.00,826.00,422,404,0.00,0.00,0,0,213312.00,9791200.00,10004512.00,9791200,213312
1725534203.474681,total,1351876.00,1262840.00,2614716.00,1262840,1351876,903.00,913.00,1816.00,913,903,0.00,0.00,0,0,10815008.00,10102720.00,20917728.00,10102720,10815008
1725534204.475002,lo,0.00,0.00,0.00,0,0,0.00,0.00,0.00,0,0,0.00,0.00,0,0,0.00,0.00,0.00,0,0
1725534204.475039,ens160,16737.00,1321.00,18058.00,1321,16737,15.00,15.00,30.00,15,15,0.00,0.00,0,0,133896.00,10568.00,144464.00,10568,133896
1725534204.475059,s1-eth1,1223900.00,26730.00,1250630.00,26730,1223900,422.00,405.00,827.00,405,422,0.00,0.00,0,0,9791200.00,213840.00,10005040.00,213840,9791200
1725534204.475065,s1-eth2,26730.00,1220938.00,1247668.00,1220938,26730,405.00,421.00,826.00,421,405,0.00,0.00,0,0,213840.00,9767504.00,9981344.00,9767504,213840
1725534204.475073,total,1267367.00,1248989.00,2516356.00,1248989,1267367,842.00,841.00,1683.00,841,842,0.00,0.00,0,0,10138936.00,9991912.00,20130848.00,9991912,10138936
1725534205.475376,lo,0.00,0.00,0.00,0,0,0.00,0.00,0.00,0,0,0.00,0.00,0,0,0.00,0.00,0.00,0,0
1725534205.475393,ens160,2605.00,350.00,2955.00,350,2605,4.00,4.00,8.00,4,4,0.00,0.00,0,0,20840.00,2800.00,23640.00,2800,20840
1725534205.475400,s1-eth1,1227658.00,25938.00,1253596.00,25938,1227658,457.00,393.00,850.00,393,457,0.00,0.00,0,0,9821264.00,207504.00,10028768.00,207504,9821264
1725534205.475406,s1-eth2,25938.00,1227724.00,1253662.00,1227724,25938,393.00,458.00,851.00,458,393,0.00,0.00,0,0,207504.00,9821792.00,10029296.00,9821792,207504
1725534205.475414,total,1256201.00,1254012.00,2510213.00,1254012,1256201,854.00,855.00,1709.00,855,854,0.00,0.00,0,0,10049608.00,10032096.00,20081704.00,10032096,10049608
1725534206.475660,lo,638.00,638.00,1276.00,638,638,8.00,8.00,16.00,8,8,0.00,0.00,0,0,5104.00,5104.00,10208.00,5104,5104
1725534206.475675,ens160,54.00,157.00,211.00,157,54,1.00,1.00,2.00,1,1,0.00,0.00,0,0,432.00,1256.00,1688.00,1256,432
1725534206.475683,s1-eth1,1224998.00,26310.00,1251308.00,26310,1224998,439.00,399.00,838.00,399,439,0.00,0.00,0,0,9799984.00,210480.00,10010464.00,210480,9799984
1725534206.475689,s1-eth2,26310.00,1224932.00,1251242.00,1224932,26310,399.00,438.00,837.00,438,399,0.00,0.00,0,0,210480.00,9799456.00,10009936.00,9799456,210480
1725534206.475697,total,1252000.00,1252037.00,2504037.00,1252037,1252000,847.00,846.00,1693.00,846,847,0.00,0.00,0,0,10016000.00,10016296.00,20032296.00,10016296,10016000
1725534207.476184,lo,0.00,0.00,0.00,0,0,0.00,0.00,0.00,0,0,0.00,0.00,0,0,0.00,0.00,0.00,0,0
1725534207.476228,ens160,0.00,0.00,0.00,0,0,0.00,0.00,0.00,0,0,0.00,0.00,0,0,0.00,0.00,0.00,0,0
1725534207.476247,s1-eth1,1223900.00,26664.00,1250564.00,26664,1223900,422.00,404.00,826.00,404,422,0.00,0.00,0,0,9791200.00,213312.00,10004512.00,213312,9791200
1725534207.476274,s1-eth2,26664.00,1223900.00,1250564.00,1223900,26664,404.00,422.00,826.00,422,404,0.00,0.00,0,0,213312.00,9791200.00,10004512.00,9791200,213312
1725534207.476308,total,1250564.00,1250564.00,2501128.00,1250564,1250564,826.00,826.00,1652.00,826,826,0.00,0.00,0,0,10004512.00,10004512.00,20009024.00,10004512,10004512
1725534208.476575,lo,0.00,0.00,0.00,0,0,0.00,0.00,0.00,0,0,0.00,0.00,0,0,0.00,0.00,0.00,0,0
1725534208.476592,ens160,0.00,0.00,0.00,0,0,0.00,0.00,0.00,0,0,0.00,0.00,0,0,0.00,0.00,0.00,0,0
1725534208.476596,s1-eth1,1222452.00,26664.00,1249116.00,26664,1222452,422.00,404.00,826.00,404,422,0.00,0.00,0,0,9779616.00,213312.00,9992928.00,213312,9779616
1725534208.476602,s1-eth2,26598.00,1222452.00,1249050.00,1222452,26598,403.00,422.00,825.00,422,403,0.00,0.00,0,0,212784.00,9779616.00,9992400.00,9779616,212784
1725534208.476611,total,1249050.00,1249116.00,2498166.00,1249116,1249050,825.00,826.00,1651.00,826,825,0.00,0.00,0,0,9992400.00,9992928.00,19985328.00,9992928,9992400
1725534209.476757,lo,0.00,0.00,0.00,0,0,0.00,0.00,0.00,0,0,0.00,0.00,0,0,0.00,0.00,0.00,0,0
1725534209.476773,ens160,0.00,0.00,0.00,0,0,0.00,0.00,0.00,0,0,0.00,0.00,0,0,0.00,0.00,0.00,0,0
1725534209.476778,s1-eth1,1220938.00,26598.00,1247536.00,26598,1220938,421.00,403.00,824.00,403,421,0.00,0.00,0,0,9767504.00,212784.00,9980288.00,212784,9767504
1725534209.476784,s1-eth2,26664.00,1220938.00,1247602.00,1220938,26664,404.00,421.00,825.00,421,404,0.00,0.00,0,0,213312.00,9767504.00,9980816.00,9767504,213312
1725534209.476799,total,1247602.00,1247536.00,2495138.00,1247536,1247602,825.00,824.00,1649.00,824,825,0.00,0.00,0,0,9980816.00,9980288.00,19961104.00,9980288,9980816
1725534210.477321,lo,0.00,0.00,0.00,0,0,0.00,0.00,0.00,0,0,0.00,0.00,0,0,0.00,0.00,0.00,0,0
1725534210.477371,ens160,108.00,128.00,236.00,128,108,2.00,2.00,4.00,2,2,0.00,0.00,0,0,864.00,1024.00,1888.00,1024,864
1725534210.477398,s1-eth1,1223900.00,26664.00,1250564.00,26664,1223900,422.00,404.00,826.00,404,422,0.00,0.00,0,0,9791200.00,213312.00,10004512.00,213312,9791200
1725534210.477422,s1-eth2,26664.00,1223900.00,1250564.00,1223900,26664,404.00,422.00,826.00,422,404,0.00,0.00,0,0,213312.00,9791200.00,10004512.00,9791200,213312
1725534210.477458,total,1250672.00,1250692.00,2501364.00,1250692,1250672,828.00,828.00,1656.00,828,828,0.00,0.00,0,0,10005376.00,10005536.00,20010912.00,10005536,10005376
1725534211.478083,lo,172.00,172.00,344.00,172,172,3.00,3.00,6.00,3,3,0.00,0.00,0,0,1376.00,1376.00,2752.00,1376,1376
1725534211.478138,ens160,0.00,0.00,0.00,0,0,0.00,0.00,0.00,0,0,0.00,0.00,0,0,0.00,0.00,0.00,0,0
1725534211.478157,s1-eth1,1225414.00,26664.00,1252078.00,26664,1225414,423.00,404.00,827.00,404,423,0.00,0.00,0,0,9803312.00,213312.00,10016624.00,213312,9803312
1725534211.478205,s1-eth2,26598.00,1225414.00,1252012.00,1225414,26598,403.00,423.00,826.00,423,403,0.00,0.00,0,0,212784.00,9803312.00,10016096.00,9803312,212784
1725534211.478236,total,1252184.00,1252250.00,2504434.00,1252250,1252184,829.00,830.00,1659.00,830,829,0.00,0.00,0,0,10017472.00,10018000.00,20035472.00,10018000,10017472
1725534212.478589,lo,0.00,0.00,0.00,0,0,0.00,0.00,0.00,0,0,0.00,0.00,0,0,0.00,0.00,0.00,0,0
1725534212.478629,ens160,0.00,0.00,0.00,0,0,0.00,0.00,0.00,0,0,0.00,0.00,0,0,0.00,0.00,0.00,0,0
1725534212.478646,s1-eth1,1227200.00,25410.00,1252610.00,25410,1227200,472.00,385.00,857.00,385,472,0.00,0.00,0,0,9817600.00,203280.00,10020880.00,203280,9817600
1725534212.478669,s1-eth2,25476.00,1227200.00,1252676.00,1227200,25476,386.00,472.00,858.00,472,386,0.00,0.00,0,0,203808.00,9817600.00,10021408.00,9817600,203808
1725534212.478705,total,1252676.00,1252610.00,2505286.00,1252610,1252676,858.00,857.00,1715.00,857,858,0.00,0.00,0,0,10021408.00,10020880.00,20042288.00,10020880,10021408
1725534213.478891,lo,0.00,0.00,0.00,0,0,0.00,0.00,0.00,0,0,0.00,0.00,0,0,0.00,0.00,0.00,0,0
1725534213.478903,ens160,0.00,0.00,0.00,0,0,0.00,0.00,0.00,0,0,0.00,0.00,0,0,0.00,0.00,0.00,0,0
1725534213.478907,s1-eth1,1223900.00,26664.00,1250564.00,26664,1223900,422.00,404.00,826.00,404,422,0.00,0.00,0,0,9791200.00,213312.00,10004512.00,213312,9791200
1725534213.478913,s1-eth2,26664.00,1223900.00,1250564.00,1223900,26664,404.00,422.00,826.00,422,404,0.00,0.00,0,0,213312.00,9791200.00,10004512.00,9791200,213312
1725534213.478921,total,1250564.00,1250564.00,2501128.00,1250564,1250564,826.00,826.00,1652.00,826,826,0.00,0.00,0,0,10004512.00,10004512.00,20009024.00,10004512,10004512
1725534214.479244,lo,0.00,0.00,0.00,0,0,0.00,0.00,0.00,0,0,0.00,0.00,0,0,0.00,0.00,0.00,0,0
1725534214.479264,ens160,0.00,0.00,0.00,0,0,0.00,0.00,0.00,0,0,0.00,0.00,0,0,0.00,0.00,0.00,0,0
1725534214.479270,s1-eth1,1222452.00,26664.00,1249116.00,26664,1222452,422.00,404.00,826.00,404,422,0.00,0.00,0,0,9779616.00,213312.00,9992928.00,213312,9779616
1725534214.479275,s1-eth2,26598.00,1222452.00,1249050.00,1222452,26598,403.00,422.00,825.00,422,403,0.00,0.00,0,0,212784.00,9779616.00,9992400.00,9779616,212784
1725534214.479284,total,1249050.00,1249116.00,2498166.00,1249116,1249050,825.00,826.00,1651.00,826,825,0.00,0.00,0,0,9992400.00,9992928.00,19985328.00,9992928,9992400
1725534215.479490,lo,0.00,0.00,0.00,0,0,0.00,0.00,0.00,0,0,0.00,0.00,0,0,0.00,0.00,0.00,0,0
1725534215.479509,ens160,0.00,0.00,0.00,0,0,0.00,0.00,0.00,0,0,0.00,0.00,0,0,0.00,0.00,0.00,0,0
1725534215.479514,s1-eth1,1223900.00,26598.00,1250498.00,26598,1223900,422.00,403.00,825.00,403,422,0.00,0.00,0,0,9791200.00,212784.00,10003984.00,212784,9791200
1725534215.479520,s1-eth2,26664.00,1223900.00,1250564.00,1223900,26664,404.00,422.00,826.00,422,404,0.00,0.00,0,0,213312.00,9791200.00,10004512.00,9791200,213312
1725534215.479533,total,1250564.00,1250498.00,2501062.00,1250498,1250564,826.00,825.00,1651.00,825,826,0.00,0.00,0,0,10004512.00,10003984.00,20008496.00,10003984,10004512
1725534216.479814,lo,172.00,172.00,344.00,172,172,3.00,3.00,6.00,3,3,0.00,0.00,0,0,1376.00,1376.00,2752.00,1376,1376
1725534216.479925,ens160,0.00,0.00,0.00,0,0,0.00,0.00,0.00,0,0,0.00,0.00,0,0,0.00,0.00,0.00,0,0
1725534216.479948,s1-eth1,1223900.00,26664.00,1250564.00,26664,1223900,422.00,404.00,826.00,404,422,0.00,0.00,0,0,9791200.00,213312.00,10004512.00,213312,9791200
1725534216.479954,s1-eth2,26664.00,1223900.00,1250564.00,1223900,26664,404.00,422.00,826.00,422,404,0.00,0.00,0,0,213312.00,9791200.00,10004512.00,9791200,213312
1725534216.479964,total,1250736.00,1250736.00,2501472.00,1250736,1250736,829.00,829.00,1658.00,829,829,0.00,0.00,0,0,10005888.00,10005888.00,20011776.00,10005888,10005888
1725534217.480322,lo,0.00,0.00,0.00,0,0,0.00,0.00,0.00,0,0,0.00,0.00,0,0,0.00,0.00,0.00,0,0
1725534217.480356,ens160,0.00,0.00,0.00,0,0,0.00,0.00,0.00,0,0,0.00,0.00,0,0,0.00,0.00,0.00,0,0
1725534217.480362,s1-eth1,1222452.00,26664.00,1249116.00,26664,1222452,422.00,404.00,826.00,404,422,0.00,0.00,0,0,9779616.00,213312.00,9992928.00,213312,9779616
1725534217.480369,s1-eth2,26598.00,1222452.00,1249050.00,1222452,26598,403.00,422.00,825.00,422,403,0.00,0.00,0,0,212784.00,9779616.00,9992400.00,9779616,212784
1725534217.480378,total,1249050.00,1249116.00,2498166.00,1249116,1249050,825.00,826.00,1651.00,826,825,0.00,0.00,0,0,9992400.00,9992928.00,19985328.00,9992928,9992400
1725534218.480608,lo,0.00,0.00,0.00,0,0,0.00,0.00,0.00,0,0,0.00,0.00,0,0,0.00,0.00,0.00,0,0
1725534218.480619,ens160,360.00,518.00,878.00,518,360,4.00,5.00,9.00,5,4,0.00,0.00,0,0,2880.00,4144.00,7024.00,4144,2880
1725534218.480624,s1-eth1,1223900.00,26664.00,1250564.00,26664,1223900,422.00,404.00,826.00,404,422,0.00,0.00,0,0,9791200.00,213312.00,10004512.00,213312,9791200
1725534218.480629,s1-eth2,26664.00,1223900.00,1250564.00,1223900,26664,404.00,422.00,826.00,422,404,0.00,0.00,0,0,213312.00,9791200.00,10004512.00,9791200,213312
1725534218.480635,total,1250924.00,1251082.00,2502006.00,1251082,1250924,830.00,831.00,1661.00,831,830,0.00,0.00,0,0,10007392.00,10008656.00,20016048.00,10008656,10007392
1725534219.480894,lo,0.00,0.00,0.00,0,0,0.00,0.00,0.00,0,0,0.00,0.00,0,0,0.00,0.00,0.00,0,0
1725534219.480916,ens160,299.00,619.00,918.00,619,299,3.00,4.00,7.00,4,3,0.00,0.00,0,0,2392.00,4952.00,7344.00,4952,2392
1725534219.480922,s1-eth1,1223900.00,26664.00,1250564.00,26664,1223900,422.00,404.00,826.00,404,422,0.00,0.00,0,0,9791200.00,213312.00,10004512.00,213312,9791200
1725534219.480929,s1-eth2,26664.00,1225414.00,1252078.00,1225414,26664,404.00,423.00,827.00,423,404,0.00,0.00,0,0,213312.00,9803312.00,10016624.00,9803312,213312
1725534219.480940,total,1250863.00,1252697.00,2503560.00,1252697,1250863,829.00,831.00,1660.00,831,829,0.00,0.00,0,0,10006904.00,10021576.00,20028480.00,10021576,10006904
1725534220.481242,lo,0.00,0.00,0.00,0,0,0.00,0.00,0.00,0,0,0.00,0.00,0,0,0.00,0.00,0.00,0,0
1725534220.481275,ens160,164715.00,7104.00,171819.00,7104,164715,111.00,111.00,222.00,111,111,0.00,0.00,0,0,1317720.00,56832.00,1374552.00,56832,1317720
1725534220.481293,s1-eth1,1225414.00,26598.00,1252012.00,26598,1225414,423.00,403.00,826.00,403,423,0.00,0.00,0,0,9803312.00,212784.00,10016096.00,212784,9803312
1725534220.481306,s1-eth2,26664.00,1223900.00,1250564.00,1223900,26664,404.00,422.00,826.00,422,404,0.00,0.00,0,0,213312.00,9791200.00,10004512.00,9791200,213312
1725534220.481324,total,1416793.00,1257602.00,2674395.00,1257602,1416793,938.00,936.00,1874.00,936,938,0.00,0.00,0,0,11334344.00,10060816.00,21395160.00,10060816,11334344
1725534221.481588,lo,172.00,172.00,344.00,172,172,3.00,3.00,6.00,3,3,0.00,0.00,0,0,1376.00,1376.00,2752.00,1376,1376
1725534221.481616,ens160,467.00,748.00,1215.00,748,467,8.00,8.00,16.00,8,8,0.00,0.00,0,0,3736.00,5984.00,9720.00,5984,3736
1725534221.481620,s1-eth1,1223900.00,26664.00,1250564.00,26664,1223900,422.00,404.00,826.00,404,422,0.00,0.00,0,0,9791200.00,213312.00,10004512.00,213312,9791200
1725534221.481625,s1-eth2,26664.00,1223900.00,1250564.00,1223900,26664,404.00,422.00,826.00,422,404,0.00,0.00,0,0,213312.00,9791200.00,10004512.00,9791200,213312
1725534221.481647,total,1251203.00,1251484.00,2502687.00,1251484,1251203,837.00,837.00,1674.00,837,837,0.00,0.00,0,0,10009624.00,10011872.00,20021496.00,10011872,10009624
1725534222.481798,lo,0.00,0.00,0.00,0,0,0.00,0.00,0.00,0,0,0.00,0.00,0,0,0.00,0.00,0.00,0,0
1725534222.481812,ens160,0.00,0.00,0.00,0,0,0.00,0.00,0.00,0,0,0.00,0.00,0,0,0.00,0.00,0.00,0,0
1725534222.481816,s1-eth1,1222452.00,26664.00,1249116.00,26664,1222452,422.00,404.00,826.00,404,422,0.00,0.00,0,0,9779616.00,213312.00,9992928.00,213312,9779616
1725534222.481821,s1-eth2,26664.00,1222452.00,1249116.00,1222452,26664,404.00,422.00,826.00,422,404,0.00,0.00,0,0,213312.00,9779616.00,9992928.00,9779616,213312
1725534222.481830,total,1249116.00,1249116.00,2498232.00,1249116,1249116,826.00,826.00,1652.00,826,826,0.00,0.00,0,0,9992928.00,9992928.00,19985856.00,9992928,9992928
1725534223.482217,lo,0.00,0.00,0.00,0,0,0.00,0.00,0.00,0,0,0.00,0.00,0,0,0.00,0.00,0.00,0,0
1725534223.482254,ens160,39791.00,2201.00,41992.00,2201,39791,31.00,30.00,61.00,30,31,0.00,0.00,0,0,318328.00,17608.00,335936.00,17608,318328
1725534223.482268,s1-eth1,1227266.00,25542.00,1252808.00,25542,1227266,473.00,387.00,860.00,387,473,0.00,0.00,0,0,9818128.00,204336.00,10022464.00,204336,9818128
1725534223.482282,s1-eth2,25476.00,1227266.00,1252742.00,1227266,25476,386.00,473.00,859.00,473,386,0.00,0.00,0,0,203808.00,9818128.00,10021936.00,9818128,203808
1725534223.482304,total,1292533.00,1255009.00,2547542.00,1255009,1292533,890.00,890.00,1780.00,890,890,0.00,0.00,0,0,10340264.00,10040072.00,20380336.00,10040072,10340264
1725534224.482776,lo,0.00,0.00,0.00,0,0,0.00,0.00,0.00,0,0,0.00,0.00,0,0,0.00,0.00,0.00,0,0
1725534224.482833,ens160,2780.00,5241.00,8021.00,5241,2780,7.00,10.00,17.00,10,7,0.00,0.00,0,0,22240.00,41928.00,64168.00,41928,22240
1725534224.482860,s1-eth1,1223900.00,26664.00,1250564.00,26664,1223900,422.00,404.00,826.00,404,422,0.00,0.00,0,0,9791200.00,213312.00,10004512.00,213312,9791200
1725534224.482885,s1-eth2,26664.00,1223900.00,1250564.00,1223900,26664,404.00,422.00,826.00,422,404,0.00,0.00,0,0,213312.00,9791200.00,10004512.00,9791200,213312
1725534224.482920,total,1253344.00,1255805.00,2509149.00,1255805,1253344,833.00,836.00,1669.00,836,833,0.00,0.00,0,0,10026752.00,10046440.00,20073192.00,10046440,10026752
1725534225.483390,lo,338.00,338.00,676.00,338,338,3.00,3.00,6.00,3,3,0.00,0.00,0,0,2704.00,2704.00,5408.00,2704,2704
1725534225.483446,ens160,54.00,161.00,215.00,161,54,1.00,1.00,2.00,1,1,0.00,0.00,0,0,432.00,1288.00,1720.00,1288,432
1725534225.483470,s1-eth1,1225414.00,26668.00,1252082.00,26668,1225414,423.00,404.00,827.00,404,423,0.00,0.00,0,0,9803312.00,213344.00,10016656.00,213344,9803312
1725534225.483494,s1-eth2,26734.00,1225414.00,1252148.00,1225414,26734,405.00,423.00,828.00,423,405,0.00,0.00,0,0,213872.00,9803312.00,10017184.00,9803312,213872
1725534225.483539,total,1252540.00,1252581.00,2505121.00,1252581,1252540,832.00,831.00,1663.00,831,832,0.00,0.00,0,0,10020320.00,10020648.00,20040968.00,10020648,10020320
1725534226.483851,lo,338.00,338.00,676.00,338,338,3.00,3.00,6.00,3,3,0.00,0.00,0,0,2704.00,2704.00,5408.00,2704,2704
1725534226.483882,ens160,132.00,651.00,783.00,651,132,2.00,3.00,5.00,3,2,0.00,0.00,0,0,1056.00,5208.00,6264.00,5208,1056
1725534226.483894,s1-eth1,1223970.00,26664.00,1250634.00,26664,1223970,423.00,404.00,827.00,404,423,0.00,0.00,0,0,9791760.00,213312.00,10005072.00,213312,9791760
1725534226.483906,s1-eth2,26664.00,1223970.00,1250634.00,1223970,26664,404.00,423.00,827.00,423,404,0.00,0.00,0,0,213312.00,9791760.00,10005072.00,9791760,213312
1725534226.483923,total,1251104.00,1251623.00,2502727.00,1251623,1251104,832.00,833.00,1665.00,833,832,0.00,0.00,0,0,10008832.00,10012984.00,20021816.00,10012984,10008832
1725534227.484391,lo,0.00,0.00,0.00,0,0,0.00,0.00,0.00,0,0,0.00,0.00,0,0,0.00,0.00,0.00,0,0
1725534227.484466,ens160,0.00,0.00,0.00,0,0,0.00,0.00,0.00,0,0,0.00,0.00,0,0,0.00,0.00,0.00,0,0
1725534227.484487,s1-eth1,1220938.00,26664.00,1247602.00,26664,1220938,421.00,404.00,825.00,404,421,0.00,0.00,0,0,9767504.00,213312.00,9980816.00,213312,9767504
1725534227.484512,s1-eth2,26668.00,1220938.00,1247606.00,1220938,26668,404.00,421.00,825.00,421,404,0.00,0.00,0,0,213344.00,9767504.00,9980848.00,9767504,213344
1725534227.484544,total,1247606.00,1247602.00,2495208.00,1247602,1247606,825.00,825.00,1650.00,825,825,0.00,0.00,0,0,9980848.00,9980816.00,19961664.00,9980816,9980848
1725534228.484825,lo,0.00,0.00,0.00,0,0,0.00,0.00,0.00,0,0,0.00,0.00,0,0,0.00,0.00,0.00,0,0
1725534228.484847,ens160,206.00,458.00,664.00,458,206,2.00,2.00,4.00,2,2,0.00,0.00,0,0,1648.00,3664.00,5312.00,3664,1648
1725534228.484854,s1-eth1,1225414.00,26598.00,1252012.00,26598,1225414,423.00,403.00,826.00,403,423,0.00,0.00,0,0,9803312.00,212784.00,10016096.00,212784,9803312
1725534228.484861,s1-eth2,26664.00,1222452.00,1249116.00,1222452,26664,404.00,422.00,826.00,422,404,0.00,0.00,0,0,213312.00,9779616.00,9992928.00,9779616,213312
1725534228.484869,total,1252284.00,1249508.00,2501792.00,1249508,1252284,829.00,827.00,1656.00,827,829,0.00,0.00,0,0,10018272.00,9996064.00,20014336.00,9996064,10018272
1725534229.485716,lo,0.00,0.00,0.00,0,0,0.00,0.00,0.00,0,0,0.00,0.00,0,0,0.00,0.00,0.00,0,0
1725534229.485897,ens160,0.00,0.00,0.00,0,0,0.00,0.00,0.00,0,0,0.00,0.00,0,0,0.00,0.00,0.00,0,0
1725534229.485924,s1-eth1,723984.06,15956.04,739940.06,15972,724708,251.75,241.76,493.51,242,252,0.00,0.00,0,0,5791872.50,127648.35,5919520.50,127776,5797664
1725534229.485951,s1-eth2,15956.04,720955.06,736911.12,721676,15972,241.76,249.75,491.51,250,242,0.00,0.00,0,0,127648.35,5767640.50,5895289.00,5773408,127776
1725534229.486004,total,739940.06,736911.12,1476851.25,737648,740680,493.51,491.51,985.02,492,494,0.00,0.00,0,0,5919520.50,5895289.00,11814810.00,5901184,5925440
1725534230.486480,lo,0.00,0.00,0.00,0,0,0.00,0.00,0.00,0,0,0.00,0.00,0,0,0.00,0.00,0.00,0,0
1725534230.486587,ens160,1294.00,128.00,1422.00,128,1294,2.00,2.00,4.00,2,2,0.00,0.00,0,0,10352.00,1024.00,11376.00,1024,10352
1725534230.486617,s1-eth1,0.00,0.00,0.00,0,0,0.00,0.00,0.00,0,0,0.00,0.00,0,0,0.00,0.00,0.00,0,0
1725534230.486636,s1-eth2,0.00,0.00,0.00,0,0,0.00,0.00,0.00,0,0,0.00,0.00,0,0,0.00,0.00,0.00,0,0
1725534230.486664,total,1294.00,128.00,1422.00,128,1294,2.00,2.00,4.00,2,2,0.00,0.00,0,0,10352.00,1024.00,11376.00,1024,10352
1725534231.487179,lo,172.00,172.00,344.00,172,172,3.00,3.00,6.00,3,3,0.00,0.00,0,0,1376.00,1376.00,2752.00,1376,1376
1725534231.487285,ens160,251.00,349.00,600.00,349,251,4.00,4.00,8.00,4,4,0.00,0.00,0,0,2008.00,2792.00,4800.00,2792,2008
1725534231.487315,s1-eth1,107.00,0.00,107.00,0,107,1.00,0.00,1.00,0,1,0.00,0.00,0,0,856.00,0.00,856.00,0,856
1725534231.487335,s1-eth2,107.00,0.00,107.00,0,107,1.00,0.00,1.00,0,1,0.00,0.00,0,0,856.00,0.00,856.00,0,856
1725534231.487365,total,637.00,521.00,1158.00,521,637,9.00,7.00,16.00,7,9,0.00,0.00,0,0,5096.00,4168.00,9264.00,4168,5096
1725534232.488097,lo,0.00,0.00,0.00,0,0,0.00,0.00,0.00,0,0,0.00,0.00,0,0,0.00,0.00,0.00,0,0
1725534232.488214,ens160,0.00,0.00,0.00,0,0,0.00,0.00,0.00,0,0,0.00,0.00,0,0,0.00,0.00,0.00,0,0
1725534232.488239,s1-eth1,0.00,0.00,0.00,0,0,0.00,0.00,0.00,0,0,0.00,0.00,0,0,0.00,0.00,0.00,0,0
1725534232.488261,s1-eth2,0.00,0.00,0.00,0,0,0.00,0.00,0.00,0,0,0.00,0.00,0,0,0.00,0.00,0.00,0,0
1725534232.488294,total,0.00,0.00,0.00,0,0,0.00,0.00,0.00,0,0,0.00,0.00,0,0,0.00,0.00,0.00,0,0
1725534233.488796,lo,0.00,0.00,0.00,0,0,0.00,0.00,0.00,0,0,0.00,0.00,0,0,0.00,0.00,0.00,0,0
1725534233.488830,ens160,0.00,0.00,0.00,0,0,0.00,0.00,0.00,0,0,0.00,0.00,0,0,0.00,0.00,0.00,0,0
1725534233.488835,s1-eth1,0.00,0.00,0.00,0,0,0.00,0.00,0.00,0,0,0.00,0.00,0,0,0.00,0.00,0.00,0,0
1725534233.488838,s1-eth2,0.00,0.00,0.00,0,0,0.00,0.00,0.00,0,0,0.00,0.00,0,0,0.00,0.00,0.00,0,0
1725534233.488844,total,0.00,0.00,0.00,0,0,0.00,0.00,0.00,0,0,0.00,0.00,0,0,0.00,0.00,0.00,0,0
1725534234.489211,lo,0.00,0.00,0.00,0,0,0.00,0.00,0.00,0,0,0.00,0.00,0,0,0.00,0.00,0.00,0,0
1725534234.489261,ens160,8584.00,1048.00,9632.00,1048,8584,13.00,12.00,25.00,12,13,0.00,0.00,0,0,68672.00,8384.00,77056.00,8384,68672
1725534234.489269,s1-eth1,0.00,0.00,0.00,0,0,0.00,0.00,0.00,0,0,0.00,0.00,0,0,0.00,0.00,0.00,0,0
1725534234.489273,s1-eth2,0.00,0.00,0.00,0,0,0.00,0.00,0.00,0,0,0.00,0.00,0,0,0.00,0.00,0.00,0,0
1725534234.489280,total,8584.00,1048.00,9632.00,1048,8584,13.00,12.00,25.00,12,13,0.00,0.00,0,0,68672.00,8384.00,77056.00,8384,68672
1725534235.490132,lo,0.00,0.00,0.00,0,0,0.00,0.00,0.00,0,0,0.00,0.00,0,0,0.00,0.00,0.00,0,0
1725534235.490239,ens160,1738.00,5832.00,7570.00,5832,1738,6.00,10.00,16.00,10,6,0.00,0.00,0,0,13904.00,46656.00,60560.00,46656,13904
1725534235.490274,s1-eth1,0.00,0.00,0.00,0,0,0.00,0.00,0.00,0,0,0.00,0.00,0,0,0.00,0.00,0.00,0,0
1725534235.490295,s1-eth2,0.00,0.00,0.00,0,0,0.00,0.00,0.00,0,0,0.00,0.00,0,0,0.00,0.00,0.00,0,0
1725534235.490324,total,1736.26,5826.17,7562.44,5832,1738,5.99,9.99,15.98,10,6,0.00,0.00,0,0,13890.11,46609.39,60499.50,46656,13904
1725534236.490806,lo,172.00,172.00,344.00,172,172,3.00,3.00,6.00,3,3,0.00,0.00,0,0,1376.00,1376.00,2752.00,1376,1376
1725534236.490894,ens160,0.00,0.00,0.00,0,0,0.00,0.00,0.00,0,0,0.00,0.00,0,0,0.00,0.00,0.00,0,0
1725534236.490920,s1-eth1,0.00,0.00,0.00,0,0,0.00,0.00,0.00,0,0,0.00,0.00,0,0,0.00,0.00,0.00,0,0
1725534236.490939,s1-eth2,0.00,0.00,0.00,0,0,0.00,0.00,0.00,0,0,0.00,0.00,0,0,0.00,0.00,0.00,0,0
1725534236.490971,total,172.00,172.00,344.00,172,172,3.00,3.00,6.00,3,3,0.00,0.00,0,0,1376.00,1376.00,2752.00,1376,1376
