1725530787.029636,lo,0.00,0.00,0.00,0,0,0.00,0.00,0.00,0,0,0.00,0.00,0,0,0.00,0.00,0.00,0,0
1725530787.029727,ens160,0.00,0.00,0.00,0,0,0.00,0.00,0.00,0,0,0.00,0.00,0,0,0.00,0.00,0.00,0,0
1725530787.029748,s1-eth1,0.00,0.00,0.00,0,0,0.00,0.00,0.00,0,0,0.00,0.00,0,0,0.00,0.00,0.00,0,0
1725530787.029757,s1-eth2,0.00,0.00,0.00,0,0,0.00,0.00,0.00,0,0,0.00,0.00,0,0,0.00,0.00,0.00,0,0
1725530787.029764,total,0.00,0.00,0.00,0,0,0.00,0.00,0.00,0,0,0.00,0.00,0,0,0.00,0.00,0.00,0,0
1725530788.031007,lo,0.00,0.00,0.00,0,0,0.00,0.00,0.00,0,0,0.00,0.00,0,0,0.00,0.00,0.00,0,0
1725530788.031256,ens160,0.00,0.00,0.00,0,0,0.00,0.00,0.00,0,0,0.00,0.00,0,0,0.00,0.00,0.00,0,0
1725530788.031294,s1-eth1,0.00,0.00,0.00,0,0,0.00,0.00,0.00,0,0,0.00,0.00,0,0,0.00,0.00,0.00,0,0
1725530788.031311,s1-eth2,0.00,41.96,41.96,42,0,0.00,1.00,1.00,1,0,0.00,0.00,0,0,0.00,335.66,335.66,336,0
1725530788.031329,total,0.00,41.96,41.96,42,0,0.00,1.00,1.00,1,0,0.00,0.00,0,0,0.00,335.66,335.66,336,0
1725530789.032850,lo,223.78,223.78,447.55,224,224,4.00,4.00,7.99,4,4,0.00,0.00,0,0,1790.21,1790.21,3580.42,1792,1792
1725530789.032930,ens160,0.00,0.00,0.00,0,0,0.00,0.00,0.00,0,0,0.00,0.00,0,0,0.00,0.00,0.00,0,0
1725530789.032959,s1-eth1,106.89,0.00,106.89,0,107,1.00,0.00,1.00,0,1,0.00,0.00,0,0,855.14,0.00,855.14,0,856
1725530789.032979,s1-eth2,106.89,41.96,148.85,42,107,1.00,1.00,2.00,1,1,0.00,0.00,0,0,855.14,335.66,1190.81,336,856
1725530789.032995,total,437.56,265.73,703.30,266,438,5.99,5.00,10.99,5,6,0.00,0.00,0,0,3500.50,2125.87,5626.37,2128,3504
1725530790.033718,lo,0.00,0.00,0.00,0,0,0.00,0.00,0.00,0,0,0.00,0.00,0,0,0.00,0.00,0.00,0,0
1725530790.034358,ens160,0.00,0.00,0.00,0,0,0.00,0.00,0.00,0,0,0.00,0.00,0,0,0.00,0.00,0.00,0,0
1725530790.034418,s1-eth1,0.00,0.00,0.00,0,0,0.00,0.00,0.00,0,0,0.00,0.00,0,0,0.00,0.00,0.00,0,0
1725530790.034841,s1-eth2,0.00,41.96,41.96,42,0,0.00,1.00,1.00,1,0,0.00,0.00,0,0,0.00,335.66,335.66,336,0
1725530790.034887,total,0.00,41.96,41.96,42,0,0.00,1.00,1.00,1,0,0.00,0.00,0,0,0.00,335.66,335.66,336,0
1725530791.036317,lo,0.00,0.00,0.00,0,0,0.00,0.00,0.00,0,0,0.00,0.00,0,0,0.00,0.00,0.00,0,0
1725530791.036387,ens160,0.00,0.00,0.00,0,0,0.00,0.00,0.00,0,0,0.00,0.00,0,0,0.00,0.00,0.00,0,0
1725530791.036410,s1-eth1,0.00,0.00,0.00,0,0,0.00,0.00,0.00,0,0,0.00,0.00,0,0,0.00,0.00,0.00,0,0
1725530791.036424,s1-eth2,0.00,41.96,41.96,42,0,0.00,1.00,1.00,1,0,0.00,0.00,0,0,0.00,335.66,335.66,336,0
1725530791.036436,total,0.00,41.96,41.96,42,0,0.00,1.00,1.00,1,0,0.00,0.00,0,0,0.00,335.66,335.66,336,0
1725530792.037030,lo,0.00,0.00,0.00,0,0,0.00,0.00,0.00,0,0,0.00,0.00,0,0,0.00,0.00,0.00,0,0
1725530792.037143,ens160,0.00,0.00,0.00,0,0,0.00,0.00,0.00,0,0,0.00,0.00,0,0,0.00,0.00,0.00,0,0
1725530792.037191,s1-eth1,0.00,0.00,0.00,0,0,0.00,0.00,0.00,0,0,0.00,0.00,0,0,0.00,0.00,0.00,0,0
1725530792.037508,s1-eth2,0.00,41.96,41.96,42,0,0.00,1.00,1.00,1,0,0.00,0.00,0,0,0.00,335.66,335.66,336,0
1725530792.037535,total,0.00,41.96,41.96,42,0,0.00,1.00,1.00,1,0,0.00,0.00,0,0,0.00,335.66,335.66,336,0
1725530793.038729,lo,0.00,0.00,0.00,0,0,0.00,0.00,0.00,0,0,0.00,0.00,0,0,0.00,0.00,0.00,0,0
1725530793.038827,ens160,0.00,0.00,0.00,0,0,0.00,0.00,0.00,0,0,0.00,0.00,0,0,0.00,0.00,0.00,0,0
1725530793.038863,s1-eth1,69.93,69.93,139.86,70,70,1.00,1.00,2.00,1,1,0.00,0.00,0,0,559.44,559.44,1118.88,560,560
1725530793.038887,s1-eth2,0.00,41.96,41.96,42,0,0.00,1.00,1.00,1,0,0.00,0.00,0,0,0.00,335.66,335.66,336,0
1725530793.038904,total,69.93,111.89,181.82,112,70,1.00,2.00,3.00,2,1,0.00,0.00,0,0,559.44,895.10,1454.55,896,560
1725530794.040029,lo,171.83,171.83,343.66,172,172,3.00,3.00,5.99,3,3,0.00,0.00,0,0,1374.63,1374.63,2749.25,1376,1376
1725530794.040136,ens160,0.00,0.00,0.00,0,0,0.00,0.00,0.00,0,0,0.00,0.00,0,0,0.00,0.00,0.00,0,0
1725530794.040175,s1-eth1,0.00,0.00,0.00,0,0,0.00,0.00,0.00,0,0,0.00,0.00,0,0,0.00,0.00,0.00,0,0
1725530794.040193,s1-eth2,69.93,41.96,111.89,42,70,1.00,1.00,2.00,1,1,0.00,0.00,0,0,559.44,335.66,895.10,336,560
1725530794.040212,total,241.76,213.79,455.54,214,242,4.00,4.00,7.99,4,4,0.00,0.00,0,0,1934.07,1710.29,3644.36,1712,1936
1725530795.040772,lo,0.00,0.00,0.00,0,0,0.00,0.00,0.00,0,0,0.00,0.00,0,0,0.00,0.00,0.00,0,0
1725530795.041529,ens160,0.00,0.00,0.00,0,0,0.00,0.00,0.00,0,0,0.00,0.00,0,0,0.00,0.00,0.00,0,0
1725530795.041575,s1-eth1,0.00,0.00,0.00,0,0,0.00,0.00,0.00,0,0,0.00,0.00,0,0,0.00,0.00,0.00,0,0
1725530795.041594,s1-eth2,0.00,111.89,111.89,112,0,0.00,2.00,2.00,2,0,0.00,0.00,0,0,0.00,895.10,895.10,896,0
1725530795.041614,total,0.00,111.89,111.89,112,0,0.00,2.00,2.00,2,0,0.00,0.00,0,0,0.00,895.10,895.10,896,0
1725530796.042881,lo,0.00,0.00,0.00,0,0,0.00,0.00,0.00,0,0,0.00,0.00,0,0,0.00,0.00,0.00,0,0
1725530796.042993,ens160,0.00,0.00,0.00,0,0,0.00,0.00,0.00,0,0,0.00,0.00,0,0,0.00,0.00,0.00,0,0
1725530796.043029,s1-eth1,0.00,0.00,0.00,0,0,0.00,0.00,0.00,0,0,0.00,0.00,0,0,0.00,0.00,0.00,0,0
1725530796.043047,s1-eth2,0.00,41.96,41.96,42,0,0.00,1.00,1.00,1,0,0.00,0.00,0,0,0.00,335.66,335.66,336,0
1725530796.043066,total,0.00,41.96,41.96,42,0,0.00,1.00,1.00,1,0,0.00,0.00,0,0,0.00,335.66,335.66,336,0
1725530797.044078,lo,0.00,0.00,0.00,0,0,0.00,0.00,0.00,0,0,0.00,0.00,0,0,0.00,0.00,0.00,0,0
1725530797.044195,ens160,0.00,0.00,0.00,0,0,0.00,0.00,0.00,0,0,0.00,0.00,0,0,0.00,0.00,0.00,0,0
1725530797.044266,s1-eth1,106.89,0.00,106.89,0,107,1.00,0.00,1.00,0,1,0.00,0.00,0,0,855.14,0.00,855.14,0,856
1725530797.044290,s1-eth2,106.89,41.96,148.85,42,107,1.00,1.00,2.00,1,1,0.00,0.00,0,0,855.14,335.66,1190.81,336,856
1725530797.044309,total,213.79,41.96,255.74,42,214,2.00,1.00,3.00,1,2,0.00,0.00,0,0,1710.29,335.66,2045.95,336,1712
1725530798.044713,lo,0.00,0.00,0.00,0,0,0.00,0.00,0.00,0,0,0.00,0.00,0,0,0.00,0.00,0.00,0,0
1725530798.044780,ens160,0.00,0.00,0.00,0,0,0.00,0.00,0.00,0,0,0.00,0.00,0,0,0.00,0.00,0.00,0,0
1725530798.044809,s1-eth1,0.00,0.00,0.00,0,0,0.00,0.00,0.00,0,0,0.00,0.00,0,0,0.00,0.00,0.00,0,0
1725530798.044822,s1-eth2,0.00,42.00,42.00,42,0,0.00,1.00,1.00,1,0,0.00,0.00,0,0,0.00,336.00,336.00,336,0
1725530798.044833,total,0.00,42.00,42.00,42,0,0.00,1.00,1.00,1,0,0.00,0.00,0,0,0.00,336.00,336.00,336,0
1725530799.045631,lo,172.00,172.00,344.00,172,172,3.00,3.00,6.00,3,3,0.00,0.00,0,0,1376.00,1376.00,2752.00,1376,1376
1725530799.045734,ens160,0.00,0.00,0.00,0,0,0.00,0.00,0.00,0,0,0.00,0.00,0,0,0.00,0.00,0.00,0,0
1725530799.045773,s1-eth1,0.00,0.00,0.00,0,0,0.00,0.00,0.00,0,0,0.00,0.00,0,0,0.00,0.00,0.00,0,0
1725530799.045793,s1-eth2,0.00,42.00,42.00,42,0,0.00,1.00,1.00,1,0,0.00,0.00,0,0,0.00,336.00,336.00,336,0
1725530799.045808,total,172.00,214.00,386.00,214,172,3.00,4.00,7.00,4,3,0.00,0.00,0,0,1376.00,1712.00,3088.00,1712,1376
1725530800.046752,lo,0.00,0.00,0.00,0,0,0.00,0.00,0.00,0,0,0.00,0.00,0,0,0.00,0.00,0.00,0,0
1725530800.047474,ens160,0.00,0.00,0.00,0,0,0.00,0.00,0.00,0,0,0.00,0.00,0,0,0.00,0.00,0.00,0,0
1725530800.047569,s1-eth1,0.00,0.00,0.00,0,0,0.00,0.00,0.00,0,0,0.00,0.00,0,0,0.00,0.00,0.00,0,0
1725530800.047614,s1-eth2,0.00,41.96,41.96,42,0,0.00,1.00,1.00,1,0,0.00,0.00,0,0,0.00,335.66,335.66,336,0
1725530800.047674,total,0.00,41.96,41.96,42,0,0.00,1.00,1.00,1,0,0.00,0.00,0,0,0.00,335.66,335.66,336,0
1725530801.048319,lo,0.00,0.00,0.00,0,0,0.00,0.00,0.00,0,0,0.00,0.00,0,0,0.00,0.00,0.00,0,0
1725530801.048373,ens160,0.00,0.00,0.00,0,0,0.00,0.00,0.00,0,0,0.00,0.00,0,0,0.00,0.00,0.00,0,0
1725530801.048391,s1-eth1,0.00,0.00,0.00,0,0,0.00,0.00,0.00,0,0,0.00,0.00,0,0,0.00,0.00,0.00,0,0
1725530801.048400,s1-eth2,0.00,42.00,42.00,42,0,0.00,1.00,1.00,1,0,0.00,0.00,0,0,0.00,336.00,336.00,336,0
1725530801.048407,total,0.00,42.00,42.00,42,0,0.00,1.00,1.00,1,0,0.00,0.00,0,0,0.00,336.00,336.00,336,0
1725530802.048747,lo,0.00,0.00,0.00,0,0,0.00,0.00,0.00,0,0,0.00,0.00,0,0,0.00,0.00,0.00,0,0
1725530802.048806,ens160,0.00,0.00,0.00,0,0,0.00,0.00,0.00,0,0,0.00,0.00,0,0,0.00,0.00,0.00,0,0
1725530802.048825,s1-eth1,0.00,0.00,0.00,0,0,0.00,0.00,0.00,0,0,0.00,0.00,0,0,0.00,0.00,0.00,0,0
1725530802.048834,s1-eth2,0.00,42.00,42.00,42,0,0.00,1.00,1.00,1,0,0.00,0.00,0,0,0.00,336.00,336.00,336,0
1725530802.048843,total,0.00,42.00,42.00,42,0,0.00,1.00,1.00,1,0,0.00,0.00,0,0,0.00,336.00,336.00,336,0
1725530803.050263,lo,0.00,0.00,0.00,0,0,0.00,0.00,0.00,0,0,0.00,0.00,0,0,0.00,0.00,0.00,0,0
1725530803.050354,ens160,0.00,0.00,0.00,0,0,0.00,0.00,0.00,0,0,0.00,0.00,0,0,0.00,0.00,0.00,0,0
1725530803.050378,s1-eth1,0.00,0.00,0.00,0,0,0.00,0.00,0.00,0,0,0.00,0.00,0,0,0.00,0.00,0.00,0,0
1725530803.050391,s1-eth2,0.00,41.96,41.96,42,0,0.00,1.00,1.00,1,0,0.00,0.00,0,0,0.00,335.66,335.66,336,0
1725530803.050416,total,0.00,41.96,41.96,42,0,0.00,1.00,1.00,1,0,0.00,0.00,0,0,0.00,335.66,335.66,336,0
1725530804.050977,lo,172.00,172.00,344.00,172,172,3.00,3.00,6.00,3,3,0.00,0.00,0,0,1376.00,1376.00,2752.00,1376,1376
1725530804.051082,ens160,0.00,0.00,0.00,0,0,0.00,0.00,0.00,0,0,0.00,0.00,0,0,0.00,0.00,0.00,0,0
1725530804.051117,s1-eth1,0.00,0.00,0.00,0,0,0.00,0.00,0.00,0,0,0.00,0.00,0,0,0.00,0.00,0.00,0,0
1725530804.051134,s1-eth2,0.00,42.00,42.00,42,0,0.00,1.00,1.00,1,0,0.00,0.00,0,0,0.00,336.00,336.00,336,0
1725530804.051148,total,172.00,214.00,386.00,214,172,3.00,4.00,7.00,4,3,0.00,0.00,0,0,1376.00,1712.00,3088.00,1712,1376
1725530805.051906,lo,0.00,0.00,0.00,0,0,0.00,0.00,0.00,0,0,0.00,0.00,0,0,0.00,0.00,0.00,0,0
1725530805.052519,ens160,0.00,0.00,0.00,0,0,0.00,0.00,0.00,0,0,0.00,0.00,0,0,0.00,0.00,0.00,0,0
1725530805.052547,s1-eth1,0.00,0.00,0.00,0,0,0.00,0.00,0.00,0,0,0.00,0.00,0,0,0.00,0.00,0.00,0,0
1725530805.052557,s1-eth2,0.00,41.96,41.96,42,0,0.00,1.00,1.00,1,0,0.00,0.00,0,0,0.00,335.66,335.66,336,0
1725530805.052565,total,0.00,41.96,41.96,42,0,0.00,1.00,1.00,1,0,0.00,0.00,0,0,0.00,335.66,335.66,336,0
1725530806.053021,lo,0.00,0.00,0.00,0,0,0.00,0.00,0.00,0,0,0.00,0.00,0,0,0.00,0.00,0.00,0,0
1725530806.053099,ens160,0.00,0.00,0.00,0,0,0.00,0.00,0.00,0,0,0.00,0.00,0,0,0.00,0.00,0.00,0,0
1725530806.053127,s1-eth1,70.00,0.00,70.00,0,70,1.00,0.00,1.00,0,1,0.00,0.00,0,0,560.00,0.00,560.00,0,560
1725530806.053142,s1-eth2,0.00,42.00,42.00,42,0,0.00,1.00,1.00,1,0,0.00,0.00,0,0,0.00,336.00,336.00,336,0
1725530806.053156,total,70.00,42.00,112.00,42,70,1.00,1.00,2.00,1,1,0.00,0.00,0,0,560.00,336.00,896.00,336,560
1725530807.053575,lo,0.00,0.00,0.00,0,0,0.00,0.00,0.00,0,0,0.00,0.00,0,0,0.00,0.00,0.00,0,0
1725530807.053692,ens160,0.00,0.00,0.00,0,0,0.00,0.00,0.00,0,0,0.00,0.00,0,0,0.00,0.00,0.00,0,0
1725530807.053734,s1-eth1,0.00,0.00,0.00,0,0,0.00,0.00,0.00,0,0,0.00,0.00,0,0,0.00,0.00,0.00,0,0
1725530807.053758,s1-eth2,0.00,42.00,42.00,42,0,0.00,1.00,1.00,1,0,0.00,0.00,0,0,0.00,336.00,336.00,336,0
1725530807.053771,total,0.00,42.00,42.00,42,0,0.00,1.00,1.00,1,0,0.00,0.00,0,0,0.00,336.00,336.00,336,0
1725530808.054292,lo,0.00,0.00,0.00,0,0,0.00,0.00,0.00,0,0,0.00,0.00,0,0,0.00,0.00,0.00,0,0
1725530808.054377,ens160,0.00,0.00,0.00,0,0,0.00,0.00,0.00,0,0,0.00,0.00,0,0,0.00,0.00,0.00,0,0
1725530808.054400,s1-eth1,0.00,0.00,0.00,0,0,0.00,0.00,0.00,0,0,0.00,0.00,0,0,0.00,0.00,0.00,0,0
1725530808.054411,s1-eth2,70.00,42.00,112.00,42,70,1.00,1.00,2.00,1,1,0.00,0.00,0,0,560.00,336.00,896.00,336,560
1725530808.054423,total,70.00,42.00,112.00,42,70,1.00,1.00,2.00,1,1,0.00,0.00,0,0,560.00,336.00,896.00,336,560
1725530809.054802,lo,172.00,172.00,344.00,172,172,3.00,3.00,6.00,3,3,0.00,0.00,0,0,1376.00,1376.00,2752.00,1376,1376
1725530809.054871,ens160,0.00,0.00,0.00,0,0,0.00,0.00,0.00,0,0,0.00,0.00,0,0,0.00,0.00,0.00,0,0
1725530809.054901,s1-eth1,0.00,0.00,0.00,0,0,0.00,0.00,0.00,0,0,0.00,0.00,0,0,0.00,0.00,0.00,0,0
1725530809.054929,s1-eth2,0.00,42.00,42.00,42,0,0.00,1.00,1.00,1,0,0.00,0.00,0,0,0.00,336.00,336.00,336,0
1725530809.054944,total,172.00,214.00,386.00,214,172,3.00,4.00,7.00,4,3,0.00,0.00,0,0,1376.00,1712.00,3088.00,1712,1376
1725530810.055439,lo,0.00,0.00,0.00,0,0,0.00,0.00,0.00,0,0,0.00,0.00,0,0,0.00,0.00,0.00,0,0
1725530810.055950,ens160,0.00,0.00,0.00,0,0,0.00,0.00,0.00,0,0,0.00,0.00,0,0,0.00,0.00,0.00,0,0
1725530810.056053,s1-eth1,0.00,0.00,0.00,0,0,0.00,0.00,0.00,0,0,0.00,0.00,0,0,0.00,0.00,0.00,0,0
1725530810.056127,s1-eth2,0.00,41.96,41.96,42,0,0.00,1.00,1.00,1,0,0.00,0.00,0,0,0.00,335.66,335.66,336,0
1725530810.056147,total,0.00,41.96,41.96,42,0,0.00,1.00,1.00,1,0,0.00,0.00,0,0,0.00,335.66,335.66,336,0
1725530811.056895,lo,0.00,0.00,0.00,0,0,0.00,0.00,0.00,0,0,0.00,0.00,0,0,0.00,0.00,0.00,0,0
1725530811.056958,ens160,0.00,0.00,0.00,0,0,0.00,0.00,0.00,0,0,0.00,0.00,0,0,0.00,0.00,0.00,0,0
1725530811.056987,s1-eth1,0.00,70.00,70.00,70,0,0.00,1.00,1.00,1,0,0.00,0.00,0,0,0.00,560.00,560.00,560,0
1725530811.056993,s1-eth2,0.00,112.00,112.00,112,0,0.00,2.00,2.00,2,0,0.00,0.00,0,0,0.00,896.00,896.00,896,0
1725530811.056997,total,0.00,182.00,182.00,182,0,0.00,3.00,3.00,3,0,0.00,0.00,0,0,0.00,1456.00,1456.00,1456,0
1725530812.057259,lo,0.00,0.00,0.00,0,0,0.00,0.00,0.00,0,0,0.00,0.00,0,0,0.00,0.00,0.00,0,0
1725530812.057290,ens160,0.00,0.00,0.00,0,0,0.00,0.00,0.00,0,0,0.00,0.00,0,0,0.00,0.00,0.00,0,0
1725530812.057298,s1-eth1,0.00,0.00,0.00,0,0,0.00,0.00,0.00,0,0,0.00,0.00,0,0,0.00,0.00,0.00,0,0
1725530812.057304,s1-eth2,0.00,42.00,42.00,42,0,0.00,1.00,1.00,1,0,0.00,0.00,0,0,0.00,336.00,336.00,336,0
1725530812.057307,total,0.00,42.00,42.00,42,0,0.00,1.00,1.00,1,0,0.00,0.00,0,0,0.00,336.00,336.00,336,0
1725530813.057617,lo,0.00,0.00,0.00,0,0,0.00,0.00,0.00,0,0,0.00,0.00,0,0,0.00,0.00,0.00,0,0
1725530813.057683,ens160,0.00,0.00,0.00,0,0,0.00,0.00,0.00,0,0,0.00,0.00,0,0,0.00,0.00,0.00,0,0
1725530813.057693,s1-eth1,107.00,0.00,107.00,0,107,1.00,0.00,1.00,0,1,0.00,0.00,0,0,856.00,0.00,856.00,0,856
1725530813.057698,s1-eth2,107.00,42.00,149.00,42,107,1.00,1.00,2.00,1,1,0.00,0.00,0,0,856.00,336.00,1192.00,336,856
1725530813.057712,total,214.00,42.00,256.00,42,214,2.00,1.00,3.00,1,2,0.00,0.00,0,0,1712.00,336.00,2048.00,336,1712
1725530814.058161,lo,172.00,172.00,344.00,172,172,3.00,3.00,6.00,3,3,0.00,0.00,0,0,1376.00,1376.00,2752.00,1376,1376
1725530814.058204,ens160,0.00,0.00,0.00,0,0,0.00,0.00,0.00,0,0,0.00,0.00,0,0,0.00,0.00,0.00,0,0
1725530814.058215,s1-eth1,0.00,0.00,0.00,0,0,0.00,0.00,0.00,0,0,0.00,0.00,0,0,0.00,0.00,0.00,0,0
1725530814.058221,s1-eth2,0.00,42.00,42.00,42,0,0.00,1.00,1.00,1,0,0.00,0.00,0,0,0.00,336.00,336.00,336,0
1725530814.058226,total,172.00,214.00,386.00,214,172,3.00,4.00,7.00,4,3,0.00,0.00,0,0,1376.00,1712.00,3088.00,1712,1376
1725530815.058609,lo,0.00,0.00,0.00,0,0,0.00,0.00,0.00,0,0,0.00,0.00,0,0,0.00,0.00,0.00,0,0
1725530815.059119,ens160,0.00,0.00,0.00,0,0,0.00,0.00,0.00,0,0,0.00,0.00,0,0,0.00,0.00,0.00,0,0
1725530815.059187,s1-eth1,0.00,0.00,0.00,0,0,0.00,0.00,0.00,0,0,0.00,0.00,0,0,0.00,0.00,0.00,0,0
1725530815.059196,s1-eth2,0.00,42.00,42.00,42,0,0.00,1.00,1.00,1,0,0.00,0.00,0,0,0.00,336.00,336.00,336,0
1725530815.059203,total,0.00,42.00,42.00,42,0,0.00,1.00,1.00,1,0,0.00,0.00,0,0,0.00,336.00,336.00,336,0
1725530816.059887,lo,0.00,0.00,0.00,0,0,0.00,0.00,0.00,0,0,0.00,0.00,0,0,0.00,0.00,0.00,0,0
1725530816.059961,ens160,0.00,0.00,0.00,0,0,0.00,0.00,0.00,0,0,0.00,0.00,0,0,0.00,0.00,0.00,0,0
1725530816.059976,s1-eth1,0.00,0.00,0.00,0,0,0.00,0.00,0.00,0,0,0.00,0.00,0,0,0.00,0.00,0.00,0,0
1725530816.059985,s1-eth2,0.00,42.00,42.00,42,0,0.00,1.00,1.00,1,0,0.00,0.00,0,0,0.00,336.00,336.00,336,0
1725530816.059991,total,0.00,42.00,42.00,42,0,0.00,1.00,1.00,1,0,0.00,0.00,0,0,0.00,336.00,336.00,336,0
1725530817.061488,lo,0.00,0.00,0.00,0,0,0.00,0.00,0.00,0,0,0.00,0.00,0,0,0.00,0.00,0.00,0,0
1725530817.061609,ens160,0.00,0.00,0.00,0,0,0.00,0.00,0.00,0,0,0.00,0.00,0,0,0.00,0.00,0.00,0,0
1725530817.061632,s1-eth1,0.00,0.00,0.00,0,0,0.00,0.00,0.00,0,0,0.00,0.00,0,0,0.00,0.00,0.00,0,0
1725530817.061640,s1-eth2,0.00,41.96,41.96,42,0,0.00,1.00,1.00,1,0,0.00,0.00,0,0,0.00,335.66,335.66,336,0
1725530817.061653,total,0.00,41.96,41.96,42,0,0.00,1.00,1.00,1,0,0.00,0.00,0,0,0.00,335.66,335.66,336,0
1725530818.064228,lo,0.00,0.00,0.00,0,0,0.00,0.00,0.00,0,0,0.00,0.00,0,0,0.00,0.00,0.00,0,0
1725530818.064303,ens160,0.00,0.00,0.00,0,0,0.00,0.00,0.00,0,0,0.00,0.00,0,0,0.00,0.00,0.00,0,0
1725530818.064320,s1-eth1,0.00,0.00,0.00,0,0,0.00,0.00,0.00,0,0,0.00,0.00,0,0,0.00,0.00,0.00,0,0
1725530818.064328,s1-eth2,0.00,41.92,41.92,42,0,0.00,1.00,1.00,1,0,0.00,0.00,0,0,0.00,335.33,335.33,336,0
1725530818.064335,total,0.00,41.92,41.92,42,0,0.00,1.00,1.00,1,0,0.00,0.00,0,0,0.00,335.33,335.33,336,0
1725530819.064621,lo,172.00,172.00,344.00,172,172,3.00,3.00,6.00,3,3,0.00,0.00,0,0,1376.00,1376.00,2752.00,1376,1376
1725530819.064675,ens160,0.00,0.00,0.00,0,0,0.00,0.00,0.00,0,0,0.00,0.00,0,0,0.00,0.00,0.00,0,0
1725530819.064701,s1-eth1,0.00,0.00,0.00,0,0,0.00,0.00,0.00,0,0,0.00,0.00,0,0,0.00,0.00,0.00,0,0
1725530819.064710,s1-eth2,0.00,42.00,42.00,42,0,0.00,1.00,1.00,1,0,0.00,0.00,0,0,0.00,336.00,336.00,336,0
1725530819.064717,total,172.00,214.00,386.00,214,172,3.00,4.00,7.00,4,3,0.00,0.00,0,0,1376.00,1712.00,3088.00,1712,1376
1725530820.065323,lo,0.00,0.00,0.00,0,0,0.00,0.00,0.00,0,0,0.00,0.00,0,0,0.00,0.00,0.00,0,0
1725530820.065589,ens160,0.00,0.00,0.00,0,0,0.00,0.00,0.00,0,0,0.00,0.00,0,0,0.00,0.00,0.00,0,0
1725530820.065617,s1-eth1,0.00,0.00,0.00,0,0,0.00,0.00,0.00,0,0,0.00,0.00,0,0,0.00,0.00,0.00,0,0
1725530820.065623,s1-eth2,0.00,42.00,42.00,42,0,0.00,1.00,1.00,1,0,0.00,0.00,0,0,0.00,336.00,336.00,336,0
1725530820.065628,total,0.00,42.00,42.00,42,0,0.00,1.00,1.00,1,0,0.00,0.00,0,0,0.00,336.00,336.00,336,0
1725530821.066190,lo,0.00,0.00,0.00,0,0,0.00,0.00,0.00,0,0,0.00,0.00,0,0,0.00,0.00,0.00,0,0
1725530821.066224,ens160,0.00,0.00,0.00,0,0,0.00,0.00,0.00,0,0,0.00,0.00,0,0,0.00,0.00,0.00,0,0
1725530821.066239,s1-eth1,0.00,0.00,0.00,0,0,0.00,0.00,0.00,0,0,0.00,0.00,0,0,0.00,0.00,0.00,0,0
1725530821.066244,s1-eth2,0.00,42.00,42.00,42,0,0.00,1.00,1.00,1,0,0.00,0.00,0,0,0.00,336.00,336.00,336,0
1725530821.066252,total,0.00,42.00,42.00,42,0,0.00,1.00,1.00,1,0,0.00,0.00,0,0,0.00,336.00,336.00,336,0
1725530822.066967,lo,0.00,0.00,0.00,0,0,0.00,0.00,0.00,0,0,0.00,0.00,0,0,0.00,0.00,0.00,0,0
1725530822.067024,ens160,0.00,0.00,0.00,0,0,0.00,0.00,0.00,0,0,0.00,0.00,0,0,0.00,0.00,0.00,0,0
1725530822.067045,s1-eth1,0.00,0.00,0.00,0,0,0.00,0.00,0.00,0,0,0.00,0.00,0,0,0.00,0.00,0.00,0,0
1725530822.067053,s1-eth2,0.00,42.00,42.00,42,0,0.00,1.00,1.00,1,0,0.00,0.00,0,0,0.00,336.00,336.00,336,0
1725530822.067060,total,0.00,42.00,42.00,42,0,0.00,1.00,1.00,1,0,0.00,0.00,0,0,0.00,336.00,336.00,336,0
1725530823.067413,lo,0.00,0.00,0.00,0,0,0.00,0.00,0.00,0,0,0.00,0.00,0,0,0.00,0.00,0.00,0,0
1725530823.067470,ens160,0.00,0.00,0.00,0,0,0.00,0.00,0.00,0,0,0.00,0.00,0,0,0.00,0.00,0.00,0,0
1725530823.067503,s1-eth1,0.00,0.00,0.00,0,0,0.00,0.00,0.00,0,0,0.00,0.00,0,0,0.00,0.00,0.00,0,0
1725530823.067519,s1-eth2,0.00,42.00,42.00,42,0,0.00,1.00,1.00,1,0,0.00,0.00,0,0,0.00,336.00,336.00,336,0
1725530823.067529,total,0.00,42.00,42.00,42,0,0.00,1.00,1.00,1,0,0.00,0.00,0,0,0.00,336.00,336.00,336,0
1725530824.067728,lo,172.00,172.00,344.00,172,172,3.00,3.00,6.00,3,3,0.00,0.00,0,0,1376.00,1376.00,2752.00,1376,1376
1725530824.067762,ens160,0.00,0.00,0.00,0,0,0.00,0.00,0.00,0,0,0.00,0.00,0,0,0.00,0.00,0.00,0,0
1725530824.067774,s1-eth1,0.00,0.00,0.00,0,0,0.00,0.00,0.00,0,0,0.00,0.00,0,0,0.00,0.00,0.00,0,0
1725530824.067779,s1-eth2,0.00,42.00,42.00,42,0,0.00,1.00,1.00,1,0,0.00,0.00,0,0,0.00,336.00,336.00,336,0
1725530824.067783,total,172.00,214.00,386.00,214,172,3.00,4.00,7.00,4,3,0.00,0.00,0,0,1376.00,1712.00,3088.00,1712,1376
1725530825.068543,lo,0.00,0.00,0.00,0,0,0.00,0.00,0.00,0,0,0.00,0.00,0,0,0.00,0.00,0.00,0,0
1725530825.068779,ens160,0.00,0.00,0.00,0,0,0.00,0.00,0.00,0,0,0.00,0.00,0,0,0.00,0.00,0.00,0,0
1725530825.068920,s1-eth1,0.00,0.00,0.00,0,0,0.00,0.00,0.00,0,0,0.00,0.00,0,0,0.00,0.00,0.00,0,0
1725530825.068926,s1-eth2,0.00,41.96,41.96,42,0,0.00,1.00,1.00,1,0,0.00,0.00,0,0,0.00,335.66,335.66,336,0
1725530825.068930,total,0.00,41.96,41.96,42,0,0.00,1.00,1.00,1,0,0.00,0.00,0,0,0.00,335.66,335.66,336,0
1725530826.069122,lo,0.00,0.00,0.00,0,0,0.00,0.00,0.00,0,0,0.00,0.00,0,0,0.00,0.00,0.00,0,0
1725530826.069159,ens160,0.00,0.00,0.00,0,0,0.00,0.00,0.00,0,0,0.00,0.00,0,0,0.00,0.00,0.00,0,0
1725530826.069168,s1-eth1,0.00,0.00,0.00,0,0,0.00,0.00,0.00,0,0,0.00,0.00,0,0,0.00,0.00,0.00,0,0
1725530826.069172,s1-eth2,0.00,42.00,42.00,42,0,0.00,1.00,1.00,1,0,0.00,0.00,0,0,0.00,336.00,336.00,336,0
1725530826.069177,total,0.00,42.00,42.00,42,0,0.00,1.00,1.00,1,0,0.00,0.00,0,0,0.00,336.00,336.00,336,0
1725530827.069356,lo,0.00,0.00,0.00,0,0,0.00,0.00,0.00,0,0,0.00,0.00,0,0,0.00,0.00,0.00,0,0
1725530827.069384,ens160,0.00,0.00,0.00,0,0,0.00,0.00,0.00,0,0,0.00,0.00,0,0,0.00,0.00,0.00,0,0
1725530827.069392,s1-eth1,0.00,0.00,0.00,0,0,0.00,0.00,0.00,0,0,0.00,0.00,0,0,0.00,0.00,0.00,0,0
1725530827.069402,s1-eth2,0.00,42.00,42.00,42,0,0.00,1.00,1.00,1,0,0.00,0.00,0,0,0.00,336.00,336.00,336,0
1725530827.069406,total,0.00,42.00,42.00,42,0,0.00,1.00,1.00,1,0,0.00,0.00,0,0,0.00,336.00,336.00,336,0
1725530828.069555,lo,0.00,0.00,0.00,0,0,0.00,0.00,0.00,0,0,0.00,0.00,0,0,0.00,0.00,0.00,0,0
1725530828.069580,ens160,0.00,0.00,0.00,0,0,0.00,0.00,0.00,0,0,0.00,0.00,0,0,0.00,0.00,0.00,0,0
1725530828.069586,s1-eth1,0.00,0.00,0.00,0,0,0.00,0.00,0.00,0,0,0.00,0.00,0,0,0.00,0.00,0.00,0,0
1725530828.069589,s1-eth2,0.00,42.00,42.00,42,0,0.00,1.00,1.00,1,0,0.00,0.00,0,0,0.00,336.00,336.00,336,0
1725530828.069592,total,0.00,42.00,42.00,42,0,0.00,1.00,1.00,1,0,0.00,0.00,0,0,0.00,336.00,336.00,336,0
1725530829.070466,lo,172.00,172.00,344.00,172,172,3.00,3.00,6.00,3,3,0.00,0.00,0,0,1376.00,1376.00,2752.00,1376,1376
1725530829.070569,ens160,0.00,0.00,0.00,0,0,0.00,0.00,0.00,0,0,0.00,0.00,0,0,0.00,0.00,0.00,0,0
1725530829.070587,s1-eth1,0.00,0.00,0.00,0,0,0.00,0.00,0.00,0,0,0.00,0.00,0,0,0.00,0.00,0.00,0,0
1725530829.070596,s1-eth2,0.00,41.96,41.96,42,0,0.00,1.00,1.00,1,0,0.00,0.00,0,0,0.00,335.66,335.66,336,0
1725530829.070603,total,171.83,213.79,385.61,214,172,3.00,4.00,6.99,4,3,0.00,0.00,0,0,1374.63,1710.29,3084.92,1712,1376
1725530830.071196,lo,0.00,0.00,0.00,0,0,0.00,0.00,0.00,0,0,0.00,0.00,0,0,0.00,0.00,0.00,0,0
1725530830.071313,ens160,0.00,0.00,0.00,0,0,0.00,0.00,0.00,0,0,0.00,0.00,0,0,0.00,0.00,0.00,0,0
1725530830.071357,s1-eth1,0.00,0.00,0.00,0,0,0.00,0.00,0.00,0,0,0.00,0.00,0,0,0.00,0.00,0.00,0,0
1725530830.071373,s1-eth2,0.00,0.00,0.00,0,0,0.00,0.00,0.00,0,0,0.00,0.00,0,0,0.00,0.00,0.00,0,0
1725530830.071385,total,0.00,0.00,0.00,0,0,0.00,0.00,0.00,0,0,0.00,0.00,0,0,0.00,0.00,0.00,0,0
1725530831.072339,lo,0.00,0.00,0.00,0,0,0.00,0.00,0.00,0,0,0.00,0.00,0,0,0.00,0.00,0.00,0,0
1725530831.073209,ens160,0.00,0.00,0.00,0,0,0.00,0.00,0.00,0,0,0.00,0.00,0,0,0.00,0.00,0.00,0,0
1725530831.073267,s1-eth1,0.00,0.00,0.00,0,0,0.00,0.00,0.00,0,0,0.00,0.00,0,0,0.00,0.00,0.00,0,0
1725530831.073289,s1-eth2,0.00,41.96,41.96,42,0,0.00,1.00,1.00,1,0,0.00,0.00,0,0,0.00,335.66,335.66,336,0
1725530831.073316,total,0.00,41.96,41.96,42,0,0.00,1.00,1.00,1,0,0.00,0.00,0,0,0.00,335.66,335.66,336,0
1725530832.075071,lo,0.00,0.00,0.00,0,0,0.00,0.00,0.00,0,0,0.00,0.00,0,0,0.00,0.00,0.00,0,0
1725530832.075123,ens160,0.00,0.00,0.00,0,0,0.00,0.00,0.00,0,0,0.00,0.00,0,0,0.00,0.00,0.00,0,0
1725530832.075136,s1-eth1,0.00,0.00,0.00,0,0,0.00,0.00,0.00,0,0,0.00,0.00,0,0,0.00,0.00,0.00,0,0
1725530832.075141,s1-eth2,0.00,41.96,41.96,42,0,0.00,1.00,1.00,1,0,0.00,0.00,0,0,0.00,335.66,335.66,336,0
1725530832.075148,total,0.00,41.96,41.96,42,0,0.00,1.00,1.00,1,0,0.00,0.00,0,0,0.00,335.66,335.66,336,0
1725530833.075718,lo,0.00,0.00,0.00,0,0,0.00,0.00,0.00,0,0,0.00,0.00,0,0,0.00,0.00,0.00,0,0
1725530833.075810,ens160,0.00,0.00,0.00,0,0,0.00,0.00,0.00,0,0,0.00,0.00,0,0,0.00,0.00,0.00,0,0
1725530833.075838,s1-eth1,0.00,0.00,0.00,0,0,0.00,0.00,0.00,0,0,0.00,0.00,0,0,0.00,0.00,0.00,0,0
1725530833.075850,s1-eth2,0.00,42.00,42.00,42,0,0.00,1.00,1.00,1,0,0.00,0.00,0,0,0.00,336.00,336.00,336,0
1725530833.075861,total,0.00,42.00,42.00,42,0,0.00,1.00,1.00,1,0,0.00,0.00,0,0,0.00,336.00,336.00,336,0
1725530834.076380,lo,172.00,172.00,344.00,172,172,3.00,3.00,6.00,3,3,0.00,0.00,0,0,1376.00,1376.00,2752.00,1376,1376
1725530834.076479,ens160,0.00,0.00,0.00,0,0,0.00,0.00,0.00,0,0,0.00,0.00,0,0,0.00,0.00,0.00,0,0
1725530834.076506,s1-eth1,0.00,0.00,0.00,0,0,0.00,0.00,0.00,0,0,0.00,0.00,0,0,0.00,0.00,0.00,0,0
1725530834.076518,s1-eth2,0.00,42.00,42.00,42,0,0.00,1.00,1.00,1,0,0.00,0.00,0,0,0.00,336.00,336.00,336,0
1725530834.076529,total,172.00,214.00,386.00,214,172,3.00,4.00,7.00,4,3,0.00,0.00,0,0,1376.00,1712.00,3088.00,1712,1376
1725530835.077095,lo,0.00,0.00,0.00,0,0,0.00,0.00,0.00,0,0,0.00,0.00,0,0,0.00,0.00,0.00,0,0
1725530835.077207,ens160,0.00,0.00,0.00,0,0,0.00,0.00,0.00,0,0,0.00,0.00,0,0,0.00,0.00,0.00,0,0
1725530835.077248,s1-eth1,0.00,0.00,0.00,0,0,0.00,0.00,0.00,0,0,0.00,0.00,0,0,0.00,0.00,0.00,0,0
1725530835.077297,s1-eth2,0.00,42.00,42.00,42,0,0.00,1.00,1.00,1,0,0.00,0.00,0,0,0.00,336.00,336.00,336,0
1725530835.077315,total,0.00,42.00,42.00,42,0,0.00,1.00,1.00,1,0,0.00,0.00,0,0,0.00,336.00,336.00,336,0
1725530836.077760,lo,0.00,0.00,0.00,0,0,0.00,0.00,0.00,0,0,0.00,0.00,0,0,0.00,0.00,0.00,0,0
1725530836.078282,ens160,0.00,0.00,0.00,0,0,0.00,0.00,0.00,0,0,0.00,0.00,0,0,0.00,0.00,0.00,0,0
1725530836.078307,s1-eth1,69.93,0.00,69.93,0,70,1.00,0.00,1.00,0,1,0.00,0.00,0,0,559.44,0.00,559.44,0,560
1725530836.078540,s1-eth2,0.00,41.96,41.96,42,0,0.00,1.00,1.00,1,0,0.00,0.00,0,0,0.00,335.66,335.66,336,0
1725530836.078554,total,69.93,41.96,111.89,42,70,1.00,1.00,2.00,1,1,0.00,0.00,0,0,559.44,335.66,895.10,336,560
1725530837.079209,lo,0.00,0.00,0.00,0,0,0.00,0.00,0.00,0,0,0.00,0.00,0,0,0.00,0.00,0.00,0,0
1725530837.079295,ens160,0.00,0.00,0.00,0,0,0.00,0.00,0.00,0,0,0.00,0.00,0,0,0.00,0.00,0.00,0,0
1725530837.079317,s1-eth1,0.00,0.00,0.00,0,0,0.00,0.00,0.00,0,0,0.00,0.00,0,0,0.00,0.00,0.00,0,0
1725530837.079327,s1-eth2,0.00,42.00,42.00,42,0,0.00,1.00,1.00,1,0,0.00,0.00,0,0,0.00,336.00,336.00,336,0
1725530837.079336,total,0.00,42.00,42.00,42,0,0.00,1.00,1.00,1,0,0.00,0.00,0,0,0.00,336.00,336.00,336,0
1725530838.079830,lo,0.00,0.00,0.00,0,0,0.00,0.00,0.00,0,0,0.00,0.00,0,0,0.00,0.00,0.00,0,0
1725530838.079928,ens160,0.00,0.00,0.00,0,0,0.00,0.00,0.00,0,0,0.00,0.00,0,0,0.00,0.00,0.00,0,0
1725530838.079955,s1-eth1,0.00,0.00,0.00,0,0,0.00,0.00,0.00,0,0,0.00,0.00,0,0,0.00,0.00,0.00,0,0
1725530838.079967,s1-eth2,0.00,42.00,42.00,42,0,0.00,1.00,1.00,1,0,0.00,0.00,0,0,0.00,336.00,336.00,336,0
1725530838.079977,total,0.00,42.00,42.00,42,0,0.00,1.00,1.00,1,0,0.00,0.00,0,0,0.00,336.00,336.00,336,0
1725530839.080344,lo,172.00,172.00,344.00,172,172,3.00,3.00,6.00,3,3,0.00,0.00,0,0,1376.00,1376.00,2752.00,1376,1376
1725530839.080375,ens160,0.00,0.00,0.00,0,0,0.00,0.00,0.00,0,0,0.00,0.00,0,0,0.00,0.00,0.00,0,0
1725530839.080384,s1-eth1,0.00,0.00,0.00,0,0,0.00,0.00,0.00,0,0,0.00,0.00,0,0,0.00,0.00,0.00,0,0
1725530839.080388,s1-eth2,0.00,42.00,42.00,42,0,0.00,1.00,1.00,1,0,0.00,0.00,0,0,0.00,336.00,336.00,336,0
1725530839.080392,total,172.00,214.00,386.00,214,172,3.00,4.00,7.00,4,3,0.00,0.00,0,0,1376.00,1712.00,3088.00,1712,1376
1725530840.080931,lo,0.00,0.00,0.00,0,0,0.00,0.00,0.00,0,0,0.00,0.00,0,0,0.00,0.00,0.00,0,0
1725530840.080963,ens160,0.00,0.00,0.00,0,0,0.00,0.00,0.00,0,0,0.00,0.00,0,0,0.00,0.00,0.00,0,0
1725530840.080970,s1-eth1,0.00,0.00,0.00,0,0,0.00,0.00,0.00,0,0,0.00,0.00,0,0,0.00,0.00,0.00,0,0
1725530840.080974,s1-eth2,70.00,42.00,112.00,42,70,1.00,1.00,2.00,1,1,0.00,0.00,0,0,560.00,336.00,896.00,336,560
1725530840.080981,total,70.00,42.00,112.00,42,70,1.00,1.00,2.00,1,1,0.00,0.00,0,0,560.00,336.00,896.00,336,560
1725530841.081404,lo,0.00,0.00,0.00,0,0,0.00,0.00,0.00,0,0,0.00,0.00,0,0,0.00,0.00,0.00,0,0
1725530841.081840,ens160,0.00,0.00,0.00,0,0,0.00,0.00,0.00,0,0,0.00,0.00,0,0,0.00,0.00,0.00,0,0
1725530841.081874,s1-eth1,0.00,0.00,0.00,0,0,0.00,0.00,0.00,0,0,0.00,0.00,0,0,0.00,0.00,0.00,0,0
1725530841.081888,s1-eth2,0.00,42.00,42.00,42,0,0.00,1.00,1.00,1,0,0.00,0.00,0,0,0.00,336.00,336.00,336,0
1725530841.082120,total,0.00,41.96,41.96,42,0,0.00,1.00,1.00,1,0,0.00,0.00,0,0,0.00,335.66,335.66,336,0
1725530842.082660,lo,0.00,0.00,0.00,0,0,0.00,0.00,0.00,0,0,0.00,0.00,0,0,0.00,0.00,0.00,0,0
1725530842.082748,ens160,796.00,302.00,1098.00,302,796,5.00,4.00,9.00,4,5,0.00,0.00,0,0,6368.00,2416.00,8784.00,2416,6368
1725530842.082771,s1-eth1,0.00,0.00,0.00,0,0,0.00,0.00,0.00,0,0,0.00,0.00,0,0,0.00,0.00,0.00,0,0
1725530842.082780,s1-eth2,0.00,42.00,42.00,42,0,0.00,1.00,1.00,1,0,0.00,0.00,0,0,0.00,336.00,336.00,336,0
1725530842.082789,total,796.00,344.00,1140.00,344,796,5.00,5.00,10.00,5,5,0.00,0.00,0,0,6368.00,2752.00,9120.00,2752,6368
1725530843.082967,lo,0.00,0.00,0.00,0,0,0.00,0.00,0.00,0,0,0.00,0.00,0,0,0.00,0.00,0.00,0,0
1725530843.082995,ens160,604.00,5272.00,5876.00,5272,604,5.00,8.00,13.00,8,5,0.00,0.00,0,0,4832.00,42176.00,47008.00,42176,4832
1725530843.083005,s1-eth1,0.00,0.00,0.00,0,0,0.00,0.00,0.00,0,0,0.00,0.00,0,0,0.00,0.00,0.00,0,0
1725530843.083019,s1-eth2,0.00,42.00,42.00,42,0,0.00,1.00,1.00,1,0,0.00,0.00,0,0,0.00,336.00,336.00,336,0
1725530843.083023,total,604.00,5314.00,5918.00,5314,604,5.00,9.00,14.00,9,5,0.00,0.00,0,0,4832.00,42512.00,47344.00,42512,4832
1725530844.083253,lo,172.00,172.00,344.00,172,172,3.00,3.00,6.00,3,3,0.00,0.00,0,0,1376.00,1376.00,2752.00,1376,1376
1725530844.083286,ens160,2133.00,53386.00,55519.00,53386,2133,21.00,47.00,68.00,47,21,0.00,0.00,0,0,17064.00,427088.00,444152.00,427088,17064
1725530844.083302,s1-eth1,0.00,70.00,70.00,70,0,0.00,1.00,1.00,1,0,0.00,0.00,0,0,0.00,560.00,560.00,560,0
1725530844.083308,s1-eth2,0.00,112.00,112.00,112,0,0.00,2.00,2.00,2,0,0.00,0.00,0,0,0.00,896.00,896.00,896,0
1725530844.083314,total,2305.00,53740.00,56045.00,53740,2305,24.00,53.00,77.00,53,24,0.00,0.00,0,0,18440.00,429920.00,448360.00,429920,18440
1725530845.083806,lo,0.00,0.00,0.00,0,0,0.00,0.00,0.00,0,0,0.00,0.00,0,0,0.00,0.00,0.00,0,0
1725530845.083886,ens160,0.00,0.00,0.00,0,0,0.00,0.00,0.00,0,0,0.00,0.00,0,0,0.00,0.00,0.00,0,0
1725530845.083920,s1-eth1,107.00,0.00,107.00,0,107,1.00,0.00,1.00,0,1,0.00,0.00,0,0,856.00,0.00,856.00,0,856
1725530845.083940,s1-eth2,107.00,42.00,149.00,42,107,1.00,1.00,2.00,1,1,0.00,0.00,0,0,856.00,336.00,1192.00,336,856
1725530845.083957,total,214.00,42.00,256.00,42,214,2.00,1.00,3.00,1,2,0.00,0.00,0,0,1712.00,336.00,2048.00,336,1712
1725530846.084272,lo,0.00,0.00,0.00,0,0,0.00,0.00,0.00,0,0,0.00,0.00,0,0,0.00,0.00,0.00,0,0
1725530846.084506,ens160,0.00,0.00,0.00,0,0,0.00,0.00,0.00,0,0,0.00,0.00,0,0,0.00,0.00,0.00,0,0
1725530846.084519,s1-eth1,0.00,0.00,0.00,0,0,0.00,0.00,0.00,0,0,0.00,0.00,0,0,0.00,0.00,0.00,0,0
1725530846.084524,s1-eth2,0.00,42.00,42.00,42,0,0.00,1.00,1.00,1,0,0.00,0.00,0,0,0.00,336.00,336.00,336,0
1725530846.084529,total,0.00,42.00,42.00,42,0,0.00,1.00,1.00,1,0,0.00,0.00,0,0,0.00,336.00,336.00,336,0
1725530847.085248,lo,0.00,0.00,0.00,0,0,0.00,0.00,0.00,0,0,0.00,0.00,0,0,0.00,0.00,0.00,0,0
1725530847.085310,ens160,0.00,0.00,0.00,0,0,0.00,0.00,0.00,0,0,0.00,0.00,0,0,0.00,0.00,0.00,0,0
1725530847.085335,s1-eth1,0.00,0.00,0.00,0,0,0.00,0.00,0.00,0,0,0.00,0.00,0,0,0.00,0.00,0.00,0,0
1725530847.085349,s1-eth2,0.00,42.00,42.00,42,0,0.00,1.00,1.00,1,0,0.00,0.00,0,0,0.00,336.00,336.00,336,0
1725530847.085361,total,0.00,42.00,42.00,42,0,0.00,1.00,1.00,1,0,0.00,0.00,0,0,0.00,336.00,336.00,336,0
1725530848.085637,lo,0.00,0.00,0.00,0,0,0.00,0.00,0.00,0,0,0.00,0.00,0,0,0.00,0.00,0.00,0,0
1725530848.085668,ens160,0.00,0.00,0.00,0,0,0.00,0.00,0.00,0,0,0.00,0.00,0,0,0.00,0.00,0.00,0,0
1725530848.085676,s1-eth1,0.00,0.00,0.00,0,0,0.00,0.00,0.00,0,0,0.00,0.00,0,0,0.00,0.00,0.00,0,0
1725530848.085679,s1-eth2,0.00,42.00,42.00,42,0,0.00,1.00,1.00,1,0,0.00,0.00,0,0,0.00,336.00,336.00,336,0
1725530848.085683,total,0.00,42.00,42.00,42,0,0.00,1.00,1.00,1,0,0.00,0.00,0,0,0.00,336.00,336.00,336,0
1725530849.086168,lo,172.00,172.00,344.00,172,172,3.00,3.00,6.00,3,3,0.00,0.00,0,0,1376.00,1376.00,2752.00,1376,1376
1725530849.086209,ens160,0.00,0.00,0.00,0,0,0.00,0.00,0.00,0,0,0.00,0.00,0,0,0.00,0.00,0.00,0,0
1725530849.086219,s1-eth1,0.00,0.00,0.00,0,0,0.00,0.00,0.00,0,0,0.00,0.00,0,0,0.00,0.00,0.00,0,0
1725530849.086225,s1-eth2,0.00,42.00,42.00,42,0,0.00,1.00,1.00,1,0,0.00,0.00,0,0,0.00,336.00,336.00,336,0
1725530849.086230,total,172.00,214.00,386.00,214,172,3.00,4.00,7.00,4,3,0.00,0.00,0,0,1376.00,1712.00,3088.00,1712,1376
1725530850.087042,lo,0.00,0.00,0.00,0,0,0.00,0.00,0.00,0,0,0.00,0.00,0,0,0.00,0.00,0.00,0,0
1725530850.087118,ens160,0.00,0.00,0.00,0,0,0.00,0.00,0.00,0,0,0.00,0.00,0,0,0.00,0.00,0.00,0,0
1725530850.087149,s1-eth1,0.00,0.00,0.00,0,0,0.00,0.00,0.00,0,0,0.00,0.00,0,0,0.00,0.00,0.00,0,0
1725530850.087166,s1-eth2,0.00,42.00,42.00,42,0,0.00,1.00,1.00,1,0,0.00,0.00,0,0,0.00,336.00,336.00,336,0
1725530850.087343,total,0.00,41.96,41.96,42,0,0.00,1.00,1.00,1,0,0.00,0.00,0,0,0.00,335.66,335.66,336,0
1725530851.087556,lo,0.00,0.00,0.00,0,0,0.00,0.00,0.00,0,0,0.00,0.00,0,0,0.00,0.00,0.00,0,0
1725530851.087882,ens160,0.00,0.00,0.00,0,0,0.00,0.00,0.00,0,0,0.00,0.00,0,0,0.00,0.00,0.00,0,0
1725530851.087909,s1-eth1,0.00,0.00,0.00,0,0,0.00,0.00,0.00,0,0,0.00,0.00,0,0,0.00,0.00,0.00,0,0
1725530851.088062,s1-eth2,0.00,42.00,42.00,42,0,0.00,1.00,1.00,1,0,0.00,0.00,0,0,0.00,336.00,336.00,336,0
1725530851.088070,total,0.00,42.00,42.00,42,0,0.00,1.00,1.00,1,0,0.00,0.00,0,0,0.00,336.00,336.00,336,0
1725530852.088644,lo,0.00,0.00,0.00,0,0,0.00,0.00,0.00,0,0,0.00,0.00,0,0,0.00,0.00,0.00,0,0
1725530852.088739,ens160,0.00,0.00,0.00,0,0,0.00,0.00,0.00,0,0,0.00,0.00,0,0,0.00,0.00,0.00,0,0
1725530852.088772,s1-eth1,0.00,0.00,0.00,0,0,0.00,0.00,0.00,0,0,0.00,0.00,0,0,0.00,0.00,0.00,0,0
1725530852.088786,s1-eth2,0.00,42.00,42.00,42,0,0.00,1.00,1.00,1,0,0.00,0.00,0,0,0.00,336.00,336.00,336,0
1725530852.088797,total,0.00,42.00,42.00,42,0,0.00,1.00,1.00,1,0,0.00,0.00,0,0,0.00,336.00,336.00,336,0
1725530853.089127,lo,0.00,0.00,0.00,0,0,0.00,0.00,0.00,0,0,0.00,0.00,0,0,0.00,0.00,0.00,0,0
1725530853.089195,ens160,0.00,0.00,0.00,0,0,0.00,0.00,0.00,0,0,0.00,0.00,0,0,0.00,0.00,0.00,0,0
1725530853.089205,s1-eth1,0.00,0.00,0.00,0,0,0.00,0.00,0.00,0,0,0.00,0.00,0,0,0.00,0.00,0.00,0,0
1725530853.089209,s1-eth2,0.00,42.00,42.00,42,0,0.00,1.00,1.00,1,0,0.00,0.00,0,0,0.00,336.00,336.00,336,0
1725530853.089215,total,0.00,42.00,42.00,42,0,0.00,1.00,1.00,1,0,0.00,0.00,0,0,0.00,336.00,336.00,336,0
1725530854.090211,lo,171.83,171.83,343.66,172,172,3.00,3.00,5.99,3,3,0.00,0.00,0,0,1374.63,1374.63,2749.25,1376,1376
1725530854.090401,ens160,3461.54,12957.04,16418.58,12970,3465,25.97,29.97,55.94,30,26,0.00,0.00,0,0,27692.31,103656.34,131348.66,103760,27720
1725530854.090458,s1-eth1,0.00,0.00,0.00,0,0,0.00,0.00,0.00,0,0,0.00,0.00,0,0,0.00,0.00,0.00,0,0
1725530854.090478,s1-eth2,0.00,41.96,41.96,42,0,0.00,1.00,1.00,1,0,0.00,0.00,0,0,0.00,335.66,335.66,336,0
1725530854.090498,total,3633.37,13170.83,16804.20,13184,3637,28.97,33.97,62.94,34,29,0.00,0.00,0,0,29066.93,105366.63,134433.56,105472,29096
1725530855.090769,lo,0.00,0.00,0.00,0,0,0.00,0.00,0.00,0,0,0.00,0.00,0,0,0.00,0.00,0.00,0,0
1725530855.090805,ens160,0.00,0.00,0.00,0,0,0.00,0.00,0.00,0,0,0.00,0.00,0,0,0.00,0.00,0.00,0,0
1725530855.090814,s1-eth1,0.00,0.00,0.00,0,0,0.00,0.00,0.00,0,0,0.00,0.00,0,0,0.00,0.00,0.00,0,0
1725530855.090818,s1-eth2,0.00,42.00,42.00,42,0,0.00,1.00,1.00,1,0,0.00,0.00,0,0,0.00,336.00,336.00,336,0
1725530855.090822,total,0.00,42.00,42.00,42,0,0.00,1.00,1.00,1,0,0.00,0.00,0,0,0.00,336.00,336.00,336,0
1725530856.091302,lo,0.00,0.00,0.00,0,0,0.00,0.00,0.00,0,0,0.00,0.00,0,0,0.00,0.00,0.00,0,0
1725530856.091612,ens160,0.00,0.00,0.00,0,0,0.00,0.00,0.00,0,0,0.00,0.00,0,0,0.00,0.00,0.00,0,0
1725530856.091633,s1-eth1,0.00,0.00,0.00,0,0,0.00,0.00,0.00,0,0,0.00,0.00,0,0,0.00,0.00,0.00,0,0
1725530856.091640,s1-eth2,0.00,42.00,42.00,42,0,0.00,1.00,1.00,1,0,0.00,0.00,0,0,0.00,336.00,336.00,336,0
1725530856.091765,total,0.00,42.00,42.00,42,0,0.00,1.00,1.00,1,0,0.00,0.00,0,0,0.00,336.00,336.00,336,0
1725530857.092089,lo,0.00,0.00,0.00,0,0,0.00,0.00,0.00,0,0,0.00,0.00,0,0,0.00,0.00,0.00,0,0
1725530857.092138,ens160,0.00,0.00,0.00,0,0,0.00,0.00,0.00,0,0,0.00,0.00,0,0,0.00,0.00,0.00,0,0
1725530857.092152,s1-eth1,0.00,0.00,0.00,0,0,0.00,0.00,0.00,0,0,0.00,0.00,0,0,0.00,0.00,0.00,0,0
1725530857.092158,s1-eth2,0.00,42.00,42.00,42,0,0.00,1.00,1.00,1,0,0.00,0.00,0,0,0.00,336.00,336.00,336,0
1725530857.092165,total,0.00,42.00,42.00,42,0,0.00,1.00,1.00,1,0,0.00,0.00,0,0,0.00,336.00,336.00,336,0
1725530858.092360,lo,0.00,0.00,0.00,0,0,0.00,0.00,0.00,0,0,0.00,0.00,0,0,0.00,0.00,0.00,0,0
1725530858.092393,ens160,0.00,0.00,0.00,0,0,0.00,0.00,0.00,0,0,0.00,0.00,0,0,0.00,0.00,0.00,0,0
1725530858.092405,s1-eth1,0.00,0.00,0.00,0,0,0.00,0.00,0.00,0,0,0.00,0.00,0,0,0.00,0.00,0.00,0,0
1725530858.092411,s1-eth2,0.00,42.00,42.00,42,0,0.00,1.00,1.00,1,0,0.00,0.00,0,0,0.00,336.00,336.00,336,0
1725530858.092416,total,0.00,42.00,42.00,42,0,0.00,1.00,1.00,1,0,0.00,0.00,0,0,0.00,336.00,336.00,336,0
1725530859.092829,lo,172.00,172.00,344.00,172,172,3.00,3.00,6.00,3,3,0.00,0.00,0,0,1376.00,1376.00,2752.00,1376,1376
1725530859.092905,ens160,0.00,0.00,0.00,0,0,0.00,0.00,0.00,0,0,0.00,0.00,0,0,0.00,0.00,0.00,0,0
1725530859.092930,s1-eth1,0.00,0.00,0.00,0,0,0.00,0.00,0.00,0,0,0.00,0.00,0,0,0.00,0.00,0.00,0,0
1725530859.092937,s1-eth2,0.00,42.00,42.00,42,0,0.00,1.00,1.00,1,0,0.00,0.00,0,0,0.00,336.00,336.00,336,0
1725530859.092947,total,172.00,214.00,386.00,214,172,3.00,4.00,7.00,4,3,0.00,0.00,0,0,1376.00,1712.00,3088.00,1712,1376
1725530860.093752,lo,0.00,0.00,0.00,0,0,0.00,0.00,0.00,0,0,0.00,0.00,0,0,0.00,0.00,0.00,0,0
1725530860.093814,ens160,0.00,0.00,0.00,0,0,0.00,0.00,0.00,0,0,0.00,0.00,0,0,0.00,0.00,0.00,0,0
1725530860.093839,s1-eth1,0.00,0.00,0.00,0,0,0.00,0.00,0.00,0,0,0.00,0.00,0,0,0.00,0.00,0.00,0,0
1725530860.093852,s1-eth2,0.00,42.00,42.00,42,0,0.00,1.00,1.00,1,0,0.00,0.00,0,0,0.00,336.00,336.00,336,0
1725530860.093864,total,0.00,42.00,42.00,42,0,0.00,1.00,1.00,1,0,0.00,0.00,0,0,0.00,336.00,336.00,336,0
1725530861.094182,lo,0.00,0.00,0.00,0,0,0.00,0.00,0.00,0,0,0.00,0.00,0,0,0.00,0.00,0.00,0,0
1725530861.094530,ens160,0.00,0.00,0.00,0,0,0.00,0.00,0.00,0,0,0.00,0.00,0,0,0.00,0.00,0.00,0,0
1725530861.094548,s1-eth1,0.00,0.00,0.00,0,0,0.00,0.00,0.00,0,0,0.00,0.00,0,0,0.00,0.00,0.00,0,0
1725530861.094688,s1-eth2,0.00,42.00,42.00,42,0,0.00,1.00,1.00,1,0,0.00,0.00,0,0,0.00,336.00,336.00,336,0
1725530861.094700,total,0.00,42.00,42.00,42,0,0.00,1.00,1.00,1,0,0.00,0.00,0,0,0.00,336.00,336.00,336,0
1725530862.094893,lo,0.00,0.00,0.00,0,0,0.00,0.00,0.00,0,0,0.00,0.00,0,0,0.00,0.00,0.00,0,0
1725530862.094926,ens160,5956.00,17652.00,23608.00,17652,5956,32.00,36.00,68.00,36,32,0.00,0.00,0,0,47648.00,141216.00,188864.00,141216,47648
1725530862.094936,s1-eth1,0.00,0.00,0.00,0,0,0.00,0.00,0.00,0,0,0.00,0.00,0,0,0.00,0.00,0.00,0,0
1725530862.094941,s1-eth2,0.00,42.00,42.00,42,0,0.00,1.00,1.00,1,0,0.00,0.00,0,0,0.00,336.00,336.00,336,0
1725530862.094945,total,5956.00,17694.00,23650.00,17694,5956,32.00,37.00,69.00,37,32,0.00,0.00,0,0,47648.00,141552.00,189200.00,141552,47648
1725530863.095452,lo,0.00,0.00,0.00,0,0,0.00,0.00,0.00,0,0,0.00,0.00,0,0,0.00,0.00,0.00,0,0
1725530863.095546,ens160,324.00,4887.00,5211.00,4887,324,6.00,9.00,15.00,9,6,0.00,0.00,0,0,2592.00,39096.00,41688.00,39096,2592
1725530863.095568,s1-eth1,0.00,0.00,0.00,0,0,0.00,0.00,0.00,0,0,0.00,0.00,0,0,0.00,0.00,0.00,0,0
1725530863.095576,s1-eth2,0.00,42.00,42.00,42,0,0.00,1.00,1.00,1,0,0.00,0.00,0,0,0.00,336.00,336.00,336,0
1725530863.095584,total,324.00,4929.00,5253.00,4929,324,6.00,10.00,16.00,10,6,0.00,0.00,0,0,2592.00,39432.00,42024.00,39432,2592
1725530864.096073,lo,172.00,172.00,344.00,172,172,3.00,3.00,6.00,3,3,0.00,0.00,0,0,1376.00,1376.00,2752.00,1376,1376
1725530864.096155,ens160,108.00,32782.00,32890.00,32782,108,2.00,23.00,25.00,23,2,0.00,0.00,0,0,864.00,262256.00,263120.00,262256,864
1725530864.096196,s1-eth1,0.00,0.00,0.00,0,0,0.00,0.00,0.00,0,0,0.00,0.00,0,0,0.00,0.00,0.00,0,0
1725530864.096215,s1-eth2,0.00,42.00,42.00,42,0,0.00,1.00,1.00,1,0,0.00,0.00,0,0,0.00,336.00,336.00,336,0
1725530864.096233,total,280.00,32996.00,33276.00,32996,280,5.00,27.00,32.00,27,5,0.00,0.00,0,0,2240.00,263968.00,266208.00,263968,2240
1725530865.097256,lo,0.00,0.00,0.00,0,0,0.00,0.00,0.00,0,0,0.00,0.00,0,0,0.00,0.00,0.00,0,0
1725530865.097365,ens160,53.95,34565.43,34619.38,34600,54,1.00,23.98,24.98,24,1,0.00,0.00,0,0,431.57,276523.47,276955.06,276800,432
1725530865.097409,s1-eth1,0.00,0.00,0.00,0,0,0.00,0.00,0.00,0,0,0.00,0.00,0,0,0.00,0.00,0.00,0,0
1725530865.097427,s1-eth2,0.00,41.96,41.96,42,0,0.00,1.00,1.00,1,0,0.00,0.00,0,0,0.00,335.66,335.66,336,0
1725530865.097446,total,53.95,34607.39,34661.34,34642,54,1.00,24.98,25.97,25,1,0.00,0.00,0,0,431.57,276859.16,277290.72,277136,432
1725530866.098467,lo,0.00,0.00,0.00,0,0,0.00,0.00,0.00,0,0,0.00,0.00,0,0,0.00,0.00,0.00,0,0
1725530866.099282,ens160,269.73,137032.97,137302.70,137170,270,5.00,92.91,97.90,93,5,0.00,0.00,0,0,2157.84,1096263.75,1098421.62,1097360,2160
1725530866.099322,s1-eth1,0.00,0.00,0.00,0,0,0.00,0.00,0.00,0,0,0.00,0.00,0,0,0.00,0.00,0.00,0,0
1725530866.099333,s1-eth2,0.00,41.96,41.96,42,0,0.00,1.00,1.00,1,0,0.00,0.00,0,0,0.00,335.66,335.66,336,0
1725530866.099346,total,269.73,137074.92,137344.66,137212,270,5.00,93.91,98.90,94,5,0.00,0.00,0,0,2157.84,1096599.38,1098757.25,1097696,2160
1725530867.101130,lo,0.00,0.00,0.00,0,0,0.00,0.00,0.00,0,0,0.00,0.00,0,0,0.00,0.00,0.00,0,0
1725530867.101245,ens160,215.78,102503.50,102719.28,102606,216,4.00,69.93,73.93,70,4,0.00,0.00,0,0,1726.27,820028.00,821754.25,820848,1728
1725530867.101289,s1-eth1,0.00,0.00,0.00,0,0,0.00,0.00,0.00,0,0,0.00,0.00,0,0,0.00,0.00,0.00,0,0
1725530867.101307,s1-eth2,0.00,41.96,41.96,42,0,0.00,1.00,1.00,1,0,0.00,0.00,0,0,0.00,335.66,335.66,336,0
1725530867.101325,total,215.78,102545.46,102761.24,102648,216,4.00,70.93,74.93,71,4,0.00,0.00,0,0,1726.27,820363.69,822089.94,821184,1728
1725530868.102081,lo,0.00,0.00,0.00,0,0,0.00,0.00,0.00,0,0,0.00,0.00,0,0,0.00,0.00,0.00,0,0
1725530868.102203,ens160,162.00,51306.00,51468.00,51306,162,3.00,36.00,39.00,36,3,0.00,0.00,0,0,1296.00,410448.00,411744.00,410448,1296
1725530868.102254,s1-eth1,0.00,0.00,0.00,0,0,0.00,0.00,0.00,0,0,0.00,0.00,0,0,0.00,0.00,0.00,0,0
1725530868.102271,s1-eth2,0.00,42.00,42.00,42,0,0.00,1.00,1.00,1,0,0.00,0.00,0,0,0.00,336.00,336.00,336,0
1725530868.102286,total,162.00,51348.00,51510.00,51348,162,3.00,37.00,40.00,37,3,0.00,0.00,0,0,1296.00,410784.00,412080.00,410784,1296
1725530869.102931,lo,172.00,172.00,344.00,172,172,3.00,3.00,6.00,3,3,0.00,0.00,0,0,1376.00,1376.00,2752.00,1376,1376
1725530869.103029,ens160,216.00,119540.00,119756.00,119540,216,4.00,81.00,85.00,81,4,0.00,0.00,0,0,1728.00,956320.00,958048.00,956320,1728
1725530869.103066,s1-eth1,0.00,0.00,0.00,0,0,0.00,0.00,0.00,0,0,0.00,0.00,0,0,0.00,0.00,0.00,0,0
1725530869.103081,s1-eth2,0.00,42.00,42.00,42,0,0.00,1.00,1.00,1,0,0.00,0.00,0,0,0.00,336.00,336.00,336,0
1725530869.103094,total,388.00,119754.00,120142.00,119754,388,7.00,85.00,92.00,85,7,0.00,0.00,0,0,3104.00,958032.00,961136.00,958032,3104
1725530870.103589,lo,0.00,0.00,0.00,0,0,0.00,0.00,0.00,0,0,0.00,0.00,0,0,0.00,0.00,0.00,0,0
1725530870.103656,ens160,108.00,51248.00,51356.00,51248,108,2.00,35.00,37.00,35,2,0.00,0.00,0,0,864.00,409984.00,410848.00,409984,864
1725530870.103675,s1-eth1,0.00,0.00,0.00,0,0,0.00,0.00,0.00,0,0,0.00,0.00,0,0,0.00,0.00,0.00,0,0
1725530870.103683,s1-eth2,0.00,42.00,42.00,42,0,0.00,1.00,1.00,1,0,0.00,0.00,0,0,0.00,336.00,336.00,336,0
1725530870.103691,total,108.00,51290.00,51398.00,51290,108,2.00,36.00,38.00,36,2,0.00,0.00,0,0,864.00,410320.00,411184.00,410320,864
1725530871.104412,lo,0.00,0.00,0.00,0,0,0.00,0.00,0.00,0,0,0.00,0.00,0,0,0.00,0.00,0.00,0,0
1725530871.104798,ens160,161.84,119304.70,119466.54,119424,162,3.00,78.92,81.92,79,3,0.00,0.00,0,0,1294.71,954437.56,955732.31,955392,1296
1725530871.104999,s1-eth1,0.00,0.00,0.00,0,0,0.00,0.00,0.00,0,0,0.00,0.00,0,0,0.00,0.00,0.00,0,0
1725530871.105015,s1-eth2,0.00,41.96,41.96,42,0,0.00,1.00,1.00,1,0,0.00,0.00,0,0,0.00,335.66,335.66,336,0
1725530871.105025,total,161.84,119346.66,119508.49,119466,162,3.00,79.92,82.92,80,3,0.00,0.00,0,0,1294.71,954773.25,956067.94,955728,1296
1725530872.106259,lo,0.00,0.00,0.00,0,0,0.00,0.00,0.00,0,0,0.00,0.00,0,0,0.00,0.00,0.00,0,0
1725530872.106341,ens160,269.73,153648.36,153918.09,153802,270,5.00,105.89,110.89,106,5,0.00,0.00,0,0,2157.84,1229186.88,1231344.75,1230416,2160
1725530872.106367,s1-eth1,0.00,0.00,0.00,0,0,0.00,0.00,0.00,0,0,0.00,0.00,0,0,0.00,0.00,0.00,0,0
1725530872.106377,s1-eth2,0.00,41.96,41.96,42,0,0.00,1.00,1.00,1,0,0.00,0.00,0,0,0.00,335.66,335.66,336,0
1725530872.106386,total,269.73,153690.31,153960.05,153844,270,5.00,106.89,111.89,107,5,0.00,0.00,0,0,2157.84,1229522.50,1231680.38,1230752,2160
1725530873.106913,lo,0.00,0.00,0.00,0,0,0.00,0.00,0.00,0,0,0.00,0.00,0,0,0.00,0.00,0.00,0,0
1725530873.106999,ens160,216.00,153686.00,153902.00,153686,216,4.00,104.00,108.00,104,4,0.00,0.00,0,0,1728.00,1229488.00,1231216.00,1229488,1728
1725530873.107023,s1-eth1,0.00,0.00,0.00,0,0,0.00,0.00,0.00,0,0,0.00,0.00,0,0,0.00,0.00,0.00,0,0
1725530873.107033,s1-eth2,0.00,42.00,42.00,42,0,0.00,1.00,1.00,1,0,0.00,0.00,0,0,0.00,336.00,336.00,336,0
1725530873.107042,total,216.00,153728.00,153944.00,153728,216,4.00,105.00,109.00,105,4,0.00,0.00,0,0,1728.00,1229824.00,1231552.00,1229824,1728
1725530874.107433,lo,172.00,172.00,344.00,172,172,3.00,3.00,6.00,3,3,0.00,0.00,0,0,1376.00,1376.00,2752.00,1376,1376
1725530874.107516,ens160,378.00,187890.00,188268.00,187890,378,7.00,128.00,135.00,128,7,0.00,0.00,0,0,3024.00,1503120.00,1506144.00,1503120,3024
1725530874.107537,s1-eth1,0.00,0.00,0.00,0,0,0.00,0.00,0.00,0,0,0.00,0.00,0,0,0.00,0.00,0.00,0,0
1725530874.107545,s1-eth2,0.00,0.00,0.00,0,0,0.00,0.00,0.00,0,0,0.00,0.00,0,0,0.00,0.00,0.00,0,0
1725530874.107551,total,550.00,188062.00,188612.00,188062,550,10.00,131.00,141.00,131,10,0.00,0.00,0,0,4400.00,1504496.00,1508896.00,1504496,4400
1725530875.107984,lo,0.00,0.00,0.00,0,0,0.00,0.00,0.00,0,0,0.00,0.00,0,0,0.00,0.00,0.00,0,0
1725530875.108046,ens160,324.00,153686.00,154010.00,153686,324,6.00,104.00,110.00,104,6,0.00,0.00,0,0,2592.00,1229488.00,1232080.00,1229488,2592
1725530875.108067,s1-eth1,0.00,0.00,0.00,0,0,0.00,0.00,0.00,0,0,0.00,0.00,0,0,0.00,0.00,0.00,0,0
1725530875.108075,s1-eth2,0.00,42.00,42.00,42,0,0.00,1.00,1.00,1,0,0.00,0.00,0,0,0.00,336.00,336.00,336,0
1725530875.108082,total,324.00,153728.00,154052.00,153728,324,6.00,105.00,111.00,105,6,0.00,0.00,0,0,2592.00,1229824.00,1232416.00,1229824,2592
1725530876.108992,lo,0.00,0.00,0.00,0,0,0.00,0.00,0.00,0,0,0.00,0.00,0,0,0.00,0.00,0.00,0,0
1725530876.109635,ens160,377.62,204671.33,205048.95,204876,378,6.99,137.86,144.86,138,7,0.00,0.00,0,0,3020.98,1637370.62,1640391.62,1639008,3024
1725530876.109734,s1-eth1,0.00,0.00,0.00,0,0,0.00,0.00,0.00,0,0,0.00,0.00,0,0,0.00,0.00,0.00,0,0
1725530876.109973,s1-eth2,0.00,41.96,41.96,42,0,0.00,1.00,1.00,1,0,0.00,0.00,0,0,0.00,335.66,335.66,336,0
1725530876.109984,total,377.62,204713.30,205090.92,204918,378,6.99,138.86,145.85,139,7,0.00,0.00,0,0,3020.98,1637706.38,1640727.38,1639344,3024
1725530877.111068,lo,0.00,0.00,0.00,0,0,0.00,0.00,0.00,0,0,0.00,0.00,0,0,0.00,0.00,0.00,0,0
1725530877.111240,ens160,701.30,307122.88,307824.19,307430,702,12.99,208.79,221.78,209,13,0.00,0.00,0,0,5610.39,2456983.00,2462593.50,2459440,5616
1725530877.111289,s1-eth1,0.00,0.00,0.00,0,0,0.00,0.00,0.00,0,0,0.00,0.00,0,0,0.00,0.00,0.00,0,0
1725530877.111307,s1-eth2,0.00,41.96,41.96,42,0,0.00,1.00,1.00,1,0,0.00,0.00,0,0,0.00,335.66,335.66,336,0
1725530877.111326,total,701.30,307164.84,307866.16,307472,702,12.99,209.79,222.78,210,13,0.00,0.00,0,0,5610.39,2457318.75,2462929.25,2459776,5616
1725530878.112059,lo,0.00,0.00,0.00,0,0,0.00,0.00,0.00,0,0,0.00,0.00,0,0,0.00,0.00,0.00,0,0
1725530878.112149,ens160,432.00,204934.00,205366.00,204934,432,8.00,139.00,147.00,139,8,0.00,0.00,0,0,3456.00,1639472.00,1642928.00,1639472,3456
1725530878.112174,s1-eth1,0.00,0.00,0.00,0,0,0.00,0.00,0.00,0,0,0.00,0.00,0,0,0.00,0.00,0.00,0,0
1725530878.112185,s1-eth2,0.00,42.00,42.00,42,0,0.00,1.00,1.00,1,0,0.00,0.00,0,0,0.00,336.00,336.00,336,0
1725530878.112194,total,432.00,204976.00,205408.00,204976,432,8.00,140.00,148.00,140,8,0.00,0.00,0,0,3456.00,1639808.00,1643264.00,1639808,3456
1725530879.112695,lo,172.00,172.00,344.00,172,172,3.00,3.00,6.00,3,3,0.00,0.00,0,0,1376.00,1376.00,2752.00,1376,1376
1725530879.112764,ens160,594.00,341460.00,342054.00,341460,594,11.00,230.00,241.00,230,11,0.00,0.00,0,0,4752.00,2731680.00,2736432.00,2731680,4752
1725530879.112791,s1-eth1,0.00,0.00,0.00,0,0,0.00,0.00,0.00,0,0,0.00,0.00,0,0,0.00,0.00,0.00,0,0
1725530879.112802,s1-eth2,0.00,42.00,42.00,42,0,0.00,1.00,1.00,1,0,0.00,0.00,0,0,0.00,336.00,336.00,336,0
1725530879.112811,total,766.00,341674.00,342440.00,341674,766,14.00,234.00,248.00,234,14,0.00,0.00,0,0,6128.00,2733392.00,2739520.00,2733392,6128
1725530880.113244,lo,0.00,0.00,0.00,0,0,0.00,0.00,0.00,0,0,0.00,0.00,0,0,0.00,0.00,0.00,0,0
1725530880.113314,ens160,324.00,187832.00,188156.00,187832,324,6.00,127.00,133.00,127,6,0.00,0.00,0,0,2592.00,1502656.00,1505248.00,1502656,2592
1725530880.113678,s1-eth1,0.00,0.00,0.00,0,0,0.00,0.00,0.00,0,0,0.00,0.00,0,0,0.00,0.00,0.00,0,0
1725530880.113694,s1-eth2,0.00,42.00,42.00,42,0,0.00,1.00,1.00,1,0,0.00,0.00,0,0,0.00,336.00,336.00,336,0
1725530880.113705,total,324.00,187874.00,188198.00,187874,324,6.00,128.00,134.00,128,6,0.00,0.00,0,0,2592.00,1502992.00,1505584.00,1502992,2592
1725530881.113914,lo,0.00,0.00,0.00,0,0,0.00,0.00,0.00,0,0,0.00,0.00,0,0,0.00,0.00,0.00,0,0
1725530881.114113,ens160,864.00,460942.00,461806.00,460942,864,16.00,310.00,326.00,310,16,0.00,0.00,0,0,6912.00,3687536.00,3694448.00,3687536,6912
1725530881.114128,s1-eth1,0.00,0.00,0.00,0,0,0.00,0.00,0.00,0,0,0.00,0.00,0,0,0.00,0.00,0.00,0,0
1725530881.114132,s1-eth2,0.00,42.00,42.00,42,0,0.00,1.00,1.00,1,0,0.00,0.00,0,0,0.00,336.00,336.00,336,0
1725530881.114136,total,864.00,460984.00,461848.00,460984,864,16.00,311.00,327.00,311,16,0.00,0.00,0,0,6912.00,3687872.00,3694784.00,3687872,6912
1725530882.114687,lo,0.00,0.00,0.00,0,0,0.00,0.00,0.00,0,0,0.00,0.00,0,0,0.00,0.00,0.00,0,0
1725530882.114758,ens160,216.00,64580.00,64796.00,64580,216,4.00,46.00,50.00,46,4,0.00,0.00,0,0,1728.00,516640.00,518368.00,516640,1728
1725530882.114771,s1-eth1,0.00,0.00,0.00,0,0,0.00,0.00,0.00,0,0,0.00,0.00,0,0,0.00,0.00,0.00,0,0
1725530882.114776,s1-eth2,0.00,42.00,42.00,42,0,0.00,1.00,1.00,1,0,0.00,0.00,0,0,0.00,336.00,336.00,336,0
1725530882.114781,total,216.00,64622.00,64838.00,64622,216,4.00,47.00,51.00,47,4,0.00,0.00,0,0,1728.00,516976.00,518704.00,516976,1728
1725530883.115386,lo,0.00,0.00,0.00,0,0,0.00,0.00,0.00,0,0,0.00,0.00,0,0,0.00,0.00,0.00,0,0
1725530883.115491,ens160,0.00,0.00,0.00,0,0,0.00,0.00,0.00,0,0,0.00,0.00,0,0,0.00,0.00,0.00,0,0
1725530883.115528,s1-eth1,0.00,0.00,0.00,0,0,0.00,0.00,0.00,0,0,0.00,0.00,0,0,0.00,0.00,0.00,0,0
1725530883.115546,s1-eth2,0.00,42.00,42.00,42,0,0.00,1.00,1.00,1,0,0.00,0.00,0,0,0.00,336.00,336.00,336,0
1725530883.115562,total,0.00,42.00,42.00,42,0,0.00,1.00,1.00,1,0,0.00,0.00,0,0,0.00,336.00,336.00,336,0
1725530884.116079,lo,172.00,172.00,344.00,172,172,3.00,3.00,6.00,3,3,0.00,0.00,0,0,1376.00,1376.00,2752.00,1376,1376
1725530884.116191,ens160,0.00,0.00,0.00,0,0,0.00,0.00,0.00,0,0,0.00,0.00,0,0,0.00,0.00,0.00,0,0
1725530884.116227,s1-eth1,0.00,0.00,0.00,0,0,0.00,0.00,0.00,0,0,0.00,0.00,0,0,0.00,0.00,0.00,0,0
1725530884.116244,s1-eth2,0.00,42.00,42.00,42,0,0.00,1.00,1.00,1,0,0.00,0.00,0,0,0.00,336.00,336.00,336,0
1725530884.116259,total,172.00,214.00,386.00,214,172,3.00,4.00,7.00,4,3,0.00,0.00,0,0,1376.00,1712.00,3088.00,1712,1376
1725530885.116899,lo,0.00,0.00,0.00,0,0,0.00,0.00,0.00,0,0,0.00,0.00,0,0,0.00,0.00,0.00,0,0
1725530885.117015,ens160,0.00,0.00,0.00,0,0,0.00,0.00,0.00,0,0,0.00,0.00,0,0,0.00,0.00,0.00,0,0
1725530885.117055,s1-eth1,0.00,0.00,0.00,0,0,0.00,0.00,0.00,0,0,0.00,0.00,0,0,0.00,0.00,0.00,0,0
1725530885.117074,s1-eth2,0.00,42.00,42.00,42,0,0.00,1.00,1.00,1,0,0.00,0.00,0,0,0.00,336.00,336.00,336,0
1725530885.117092,total,0.00,42.00,42.00,42,0,0.00,1.00,1.00,1,0,0.00,0.00,0,0,0.00,336.00,336.00,336,0
1725530886.117919,lo,0.00,0.00,0.00,0,0,0.00,0.00,0.00,0,0,0.00,0.00,0,0,0.00,0.00,0.00,0,0
1725530886.118057,ens160,0.00,0.00,0.00,0,0,0.00,0.00,0.00,0,0,0.00,0.00,0,0,0.00,0.00,0.00,0,0
1725530886.118111,s1-eth1,0.00,0.00,0.00,0,0,0.00,0.00,0.00,0,0,0.00,0.00,0,0,0.00,0.00,0.00,0,0
1725530886.118130,s1-eth2,0.00,41.96,41.96,42,0,0.00,1.00,1.00,1,0,0.00,0.00,0,0,0.00,335.66,335.66,336,0
1725530886.118149,total,0.00,41.96,41.96,42,0,0.00,1.00,1.00,1,0,0.00,0.00,0,0,0.00,335.66,335.66,336,0
1725530887.118683,lo,0.00,0.00,0.00,0,0,0.00,0.00,0.00,0,0,0.00,0.00,0,0,0.00,0.00,0.00,0,0
1725530887.118808,ens160,0.00,0.00,0.00,0,0,0.00,0.00,0.00,0,0,0.00,0.00,0,0,0.00,0.00,0.00,0,0
1725530887.118848,s1-eth1,0.00,0.00,0.00,0,0,0.00,0.00,0.00,0,0,0.00,0.00,0,0,0.00,0.00,0.00,0,0
1725530887.118867,s1-eth2,0.00,42.00,42.00,42,0,0.00,1.00,1.00,1,0,0.00,0.00,0,0,0.00,336.00,336.00,336,0
1725530887.118886,total,0.00,42.00,42.00,42,0,0.00,1.00,1.00,1,0,0.00,0.00,0,0,0.00,336.00,336.00,336,0
1725530888.119779,lo,0.00,0.00,0.00,0,0,0.00,0.00,0.00,0,0,0.00,0.00,0,0,0.00,0.00,0.00,0,0
1725530888.119841,ens160,89.91,93.91,183.82,94,90,1.00,1.00,2.00,1,1,0.00,0.00,0,0,719.28,751.25,1470.53,752,720
1725530888.119864,s1-eth1,0.00,0.00,0.00,0,0,0.00,0.00,0.00,0,0,0.00,0.00,0,0,0.00,0.00,0.00,0,0
1725530888.119872,s1-eth2,0.00,41.96,41.96,42,0,0.00,1.00,1.00,1,0,0.00,0.00,0,0,0.00,335.66,335.66,336,0
1725530888.119900,total,89.91,135.86,225.77,136,90,1.00,2.00,3.00,2,1,0.00,0.00,0,0,719.28,1086.91,1806.19,1088,720
1725530889.120507,lo,172.00,172.00,344.00,172,172,3.00,3.00,6.00,3,3,0.00,0.00,0,0,1376.00,1376.00,2752.00,1376,1376
1725530889.120596,ens160,0.00,0.00,0.00,0,0,0.00,0.00,0.00,0,0,0.00,0.00,0,0,0.00,0.00,0.00,0,0
1725530889.120628,s1-eth1,0.00,0.00,0.00,0,0,0.00,0.00,0.00,0,0,0.00,0.00,0,0,0.00,0.00,0.00,0,0
1725530889.120640,s1-eth2,0.00,42.00,42.00,42,0,0.00,1.00,1.00,1,0,0.00,0.00,0,0,0.00,336.00,336.00,336,0
1725530889.120650,total,172.00,214.00,386.00,214,172,3.00,4.00,7.00,4,3,0.00,0.00,0,0,1376.00,1712.00,3088.00,1712,1376
1725530890.121285,lo,0.00,0.00,0.00,0,0,0.00,0.00,0.00,0,0,0.00,0.00,0,0,0.00,0.00,0.00,0,0
1725530890.121365,ens160,0.00,0.00,0.00,0,0,0.00,0.00,0.00,0,0,0.00,0.00,0,0,0.00,0.00,0.00,0,0
1725530890.121383,s1-eth1,0.00,0.00,0.00,0,0,0.00,0.00,0.00,0,0,0.00,0.00,0,0,0.00,0.00,0.00,0,0
1725530890.121392,s1-eth2,0.00,42.00,42.00,42,0,0.00,1.00,1.00,1,0,0.00,0.00,0,0,0.00,336.00,336.00,336,0
1725530890.121399,total,0.00,42.00,42.00,42,0,0.00,1.00,1.00,1,0,0.00,0.00,0,0,0.00,336.00,336.00,336,0
1725530891.122376,lo,0.00,0.00,0.00,0,0,0.00,0.00,0.00,0,0,0.00,0.00,0,0,0.00,0.00,0.00,0,0
1725530891.123007,ens160,0.00,0.00,0.00,0,0,0.00,0.00,0.00,0,0,0.00,0.00,0,0,0.00,0.00,0.00,0,0
1725530891.123545,s1-eth1,69.86,0.00,69.86,0,70,1.00,0.00,1.00,0,1,0.00,0.00,0,0,558.88,0.00,558.88,0,560
1725530891.123577,s1-eth2,0.00,41.92,41.92,42,0,0.00,1.00,1.00,1,0,0.00,0.00,0,0,0.00,335.33,335.33,336,0
1725530891.123593,total,69.86,41.92,111.78,42,70,1.00,1.00,2.00,1,1,0.00,0.00,0,0,558.88,335.33,894.21,336,560
1725530892.124162,lo,0.00,0.00,0.00,0,0,0.00,0.00,0.00,0,0,0.00,0.00,0,0,0.00,0.00,0.00,0,0
1725530892.124288,ens160,0.00,0.00,0.00,0,0,0.00,0.00,0.00,0,0,0.00,0.00,0,0,0.00,0.00,0.00,0,0
1725530892.124322,s1-eth1,0.00,0.00,0.00,0,0,0.00,0.00,0.00,0,0,0.00,0.00,0,0,0.00,0.00,0.00,0,0
1725530892.124333,s1-eth2,0.00,42.00,42.00,42,0,0.00,1.00,1.00,1,0,0.00,0.00,0,0,0.00,336.00,336.00,336,0
1725530892.124344,total,0.00,42.00,42.00,42,0,0.00,1.00,1.00,1,0,0.00,0.00,0,0,0.00,336.00,336.00,336,0
1725530893.124848,lo,0.00,0.00,0.00,0,0,0.00,0.00,0.00,0,0,0.00,0.00,0,0,0.00,0.00,0.00,0,0
1725530893.124921,ens160,0.00,0.00,0.00,0,0,0.00,0.00,0.00,0,0,0.00,0.00,0,0,0.00,0.00,0.00,0,0
1725530893.124952,s1-eth1,0.00,0.00,0.00,0,0,0.00,0.00,0.00,0,0,0.00,0.00,0,0,0.00,0.00,0.00,0,0
1725530893.124968,s1-eth2,0.00,42.00,42.00,42,0,0.00,1.00,1.00,1,0,0.00,0.00,0,0,0.00,336.00,336.00,336,0
1725530893.124984,total,0.00,42.00,42.00,42,0,0.00,1.00,1.00,1,0,0.00,0.00,0,0,0.00,336.00,336.00,336,0
1725530894.125246,lo,172.00,172.00,344.00,172,172,3.00,3.00,6.00,3,3,0.00,0.00,0,0,1376.00,1376.00,2752.00,1376,1376
1725530894.125277,ens160,0.00,0.00,0.00,0,0,0.00,0.00,0.00,0,0,0.00,0.00,0,0,0.00,0.00,0.00,0,0
1725530894.125286,s1-eth1,0.00,0.00,0.00,0,0,0.00,0.00,0.00,0,0,0.00,0.00,0,0,0.00,0.00,0.00,0,0
1725530894.125290,s1-eth2,0.00,42.00,42.00,42,0,0.00,1.00,1.00,1,0,0.00,0.00,0,0,0.00,336.00,336.00,336,0
1725530894.125294,total,172.00,214.00,386.00,214,172,3.00,4.00,7.00,4,3,0.00,0.00,0,0,1376.00,1712.00,3088.00,1712,1376
1725530895.125817,lo,0.00,0.00,0.00,0,0,0.00,0.00,0.00,0,0,0.00,0.00,0,0,0.00,0.00,0.00,0,0
1725530895.125864,ens160,0.00,0.00,0.00,0,0,0.00,0.00,0.00,0,0,0.00,0.00,0,0,0.00,0.00,0.00,0,0
1725530895.125879,s1-eth1,0.00,0.00,0.00,0,0,0.00,0.00,0.00,0,0,0.00,0.00,0,0,0.00,0.00,0.00,0,0
1725530895.125886,s1-eth2,0.00,42.00,42.00,42,0,0.00,1.00,1.00,1,0,0.00,0.00,0,0,0.00,336.00,336.00,336,0
1725530895.125894,total,0.00,42.00,42.00,42,0,0.00,1.00,1.00,1,0,0.00,0.00,0,0,0.00,336.00,336.00,336,0
